# СИНТЕТИЧЕСКИЕ ДАННЫЕ (заглушка, см. data/make_synthetic.py)
# столбцы: t [c], g1 [мГал], g2 [мГал]
0.000 -22.326 -178.356
1.000 83.843 15.869
2.000 -134.889 37.406
3.000 181.753 -62.350
4.000 87.730 147.377
5.000 -26.810 -40.914
6.000 -50.579 76.237
7.000 -8.078 -27.291
8.000 -79.147 6.401
9.000 -81.638 128.744
10.000 14.269 225.869
11.000 2.892 -120.791
12.000 -39.104 209.099
13.000 -21.031 71.419
14.000 25.723 -192.182
15.000 -30.782 -96.075
16.000 7.239 67.593
17.000 113.057 -229.674
18.000 48.033 -134.869
19.000 -81.658 56.954
20.000 -4.432 165.944
21.000 90.736 -179.837
22.000 -19.602 43.500
23.000 -32.977 144.193
24.000 26.964 16.743
25.000 131.311 27.336
26.000 -129.185 7.859
27.000 78.098 98.401
28.000 -170.689 57.000
29.000 -14.519 -8.461
30.000 -128.691 -73.510
31.000 145.563 107.208
32.000 114.668 -132.261
33.000 161.985 -45.560
34.000 -29.609 -90.957
35.000 130.497 17.913
36.000 5.069 56.642
37.000 -1.339 -32.282
38.000 76.713 30.324
39.000 92.091 -54.327
40.000 3.068 200.141
41.000 -99.275 -25.673
42.000 -132.982 289.189
43.000 87.415 -81.925
44.000 3.526 22.944
45.000 25.183 76.097
46.000 187.148 17.605
47.000 -92.383 -236.243
48.000 267.202 117.994
49.000 347.119 -68.932
50.000 210.781 86.625
51.000 142.423 -101.507
52.000 -3.557 -7.731
53.000 157.110 52.402
54.000 0.914 -123.032
55.000 24.766 78.840
56.000 -23.564 24.073
57.000 12.072 2.640
58.000 93.514 233.771
59.000 -104.799 242.680
60.000 -154.730 286.152
61.000 -155.325 79.212
62.000 -142.781 -88.334
63.000 -173.272 -123.458
64.000 -101.196 49.566
65.000 141.541 -62.014
66.000 -26.179 17.496
67.000 75.756 -80.076
68.000 -60.938 -209.153
69.000 80.587 -45.853
70.000 -115.684 83.995
71.000 -23.936 -70.041
72.000 253.180 -79.687
73.000 -52.245 -127.700
74.000 96.264 43.269
75.000 10.704 85.603
76.000 -63.869 49.469
77.000 -120.506 111.374
78.000 74.675 188.014
79.000 -62.543 113.513
80.000 123.798 -229.763
81.000 -80.453 144.665
82.000 19.195 15.953
83.000 80.923 -160.965
84.000 88.487 16.824
85.000 -61.472 -133.115
86.000 -1.607 -164.437
87.000 39.972 -15.448
88.000 -38.184 57.899
89.000 96.610 121.392
90.000 66.209 -12.624
91.000 -210.051 55.409
92.000 -214.000 6.479
93.000 -175.429 -42.817
94.000 -42.281 -196.142
95.000 150.478 162.060
96.000 -81.886 87.816
97.000 -2.835 96.722
98.000 -113.956 14.198
99.000 -90.183 61.372
100.000 -160.270 -88.782
101.000 49.549 91.025
102.000 157.681 69.687
103.000 30.238 99.388
104.000 200.306 -141.825
105.000 67.972 28.285
106.000 26.298 -62.189
107.000 60.217 -38.001
108.000 35.534 41.194
109.000 82.440 23.803
110.000 -126.392 -102.887
111.000 -281.848 127.420
112.000 -40.298 129.732
113.000 -103.744 68.054
114.000 -29.676 50.043
115.000 159.734 -79.804
116.000 -94.878 42.895
117.000 112.785 157.686
118.000 147.847 -151.820
119.000 110.071 -95.873
120.000 178.796 -120.076
121.000 15.996 -113.706
122.000 -18.824 34.578
123.000 135.082 140.988
124.000 81.834 159.884
125.000 127.211 -107.456
126.000 -9.629 43.033
127.000 117.552 20.689
128.000 -79.779 184.078
129.000 -156.278 217.337
130.000 -244.823 12.770
131.000 -135.714 -136.717
132.000 76.723 81.609
133.000 -129.490 -3.254
134.000 -7.297 68.247
135.000 265.541 14.498
136.000 150.138 -31.558
137.000 247.499 -120.462
138.000 -35.936 -156.419
139.000 -195.385 41.258
140.000 184.037 -107.544
141.000 -130.704 8.807
142.000 -1.581 -18.316
143.000 -8.062 -40.200
144.000 -138.570 -129.003
145.000 104.843 141.384
146.000 105.848 234.488
147.000 15.259 -110.641
148.000 -27.083 173.481
149.000 15.316 -219.462
150.000 -91.348 98.342
151.000 15.428 -63.031
152.000 45.839 -21.076
153.000 -18.146 -92.515
154.000 154.859 208.843
155.000 -77.831 -64.751
156.000 7.053 -231.573
157.000 -191.222 21.144
158.000 62.298 162.049
159.000 64.963 -75.942
160.000 33.961 161.886
161.000 249.762 -155.513
162.000 45.103 223.020
163.000 -141.755 -44.579
164.000 227.885 146.760
165.000 -114.677 121.172
166.000 76.489 141.630
167.000 94.116 144.314
168.000 -47.310 62.905
169.000 197.126 -132.631
170.000 103.609 -100.594
171.000 128.199 -113.441
172.000 -1.630 -18.071
173.000 183.563 -102.826
174.000 -50.870 -56.547
175.000 -164.151 75.923
176.000 134.521 191.595
177.000 -69.709 25.336
178.000 -36.677 78.105
179.000 144.382 72.648
180.000 66.945 82.274
181.000 25.774 137.609
182.000 85.181 65.181
183.000 -74.049 89.281
184.000 96.123 7.059
185.000 152.751 -210.564
186.000 134.254 -37.297
187.000 48.888 26.765
188.000 -302.504 -120.352
189.000 122.765 50.971
190.000 65.974 -135.897
191.000 -0.715 -40.895
192.000 92.725 -7.268
193.000 19.745 -176.798
194.000 -5.551 -38.141
195.000 -188.218 -67.508
196.000 -192.643 38.308
197.000 -8.491 107.367
198.000 -28.840 -140.488
199.000 -6.702 -34.974
200.000 16.386 55.135
201.000 62.944 109.109
202.000 46.250 92.191
203.000 75.308 -54.247
204.000 95.866 -61.047
205.000 166.215 30.219
206.000 16.617 5.667
207.000 134.131 93.098
208.000 100.940 -141.583
209.000 26.331 52.994
210.000 -53.502 83.871
211.000 11.929 137.810
212.000 47.456 -167.762
213.000 -153.224 72.658
214.000 -38.274 154.025
215.000 -28.826 154.980
216.000 -85.638 135.225
217.000 -61.272 -191.681
218.000 -132.458 -68.443
219.000 -66.705 39.467
220.000 -93.236 -95.793
221.000 9.449 -185.797
222.000 17.929 -137.728
223.000 14.661 -68.413
224.000 93.388 11.404
225.000 19.270 -32.738
226.000 -56.290 -68.914
227.000 -77.426 110.647
228.000 -137.623 -61.599
229.000 -58.043 205.297
230.000 -66.600 15.457
231.000 118.394 150.111
232.000 118.462 25.605
233.000 128.708 307.192
234.000 209.151 147.118
235.000 -98.425 117.762
236.000 111.319 -130.114
237.000 136.945 -42.150
238.000 119.187 -61.509
239.000 287.166 -160.578
240.000 323.130 55.474
241.000 154.699 134.832
242.000 103.797 -83.610
243.000 -95.240 -65.719
244.000 -116.732 139.861
245.000 46.262 105.563
246.000 -45.182 109.185
247.000 -177.497 81.829
248.000 -55.579 -11.633
249.000 2.058 -10.113
250.000 75.477 92.650
251.000 -8.487 49.751
252.000 -2.676 -87.750
253.000 45.604 82.321
254.000 79.250 -63.189
255.000 -43.744 79.884
256.000 158.527 12.623
257.000 289.126 31.364
258.000 139.052 13.598
259.000 -105.400 42.952
260.000 27.426 13.061
261.000 -180.484 -92.839
262.000 -205.888 -1.509
263.000 29.256 121.825
264.000 -35.492 128.967
265.000 -110.734 191.935
266.000 -241.651 -75.145
267.000 -143.980 64.231
268.000 19.319 69.562
269.000 28.322 136.278
270.000 115.058 167.403
271.000 215.352 -180.305
272.000 39.669 -7.046
273.000 123.407 -87.780
274.000 57.462 -128.910
275.000 8.999 -8.973
276.000 16.026 134.330
277.000 115.069 -123.235
278.000 -105.681 25.585
279.000 92.090 115.891
280.000 111.700 -45.646
281.000 -39.206 107.976
282.000 -16.189 -38.581
283.000 -173.838 64.423
284.000 219.167 23.007
285.000 101.114 149.765
286.000 42.654 67.827
287.000 52.176 -73.065
288.000 108.430 -63.038
289.000 8.937 -168.192
290.000 105.333 7.921
291.000 -20.469 -283.603
292.000 109.159 56.803
293.000 -26.453 -128.379
294.000 109.480 -85.537
295.000 -13.682 41.911
296.000 6.184 8.976
297.000 261.619 -47.561
298.000 39.152 38.345
299.000 -13.231 206.948
300.000 -26.281 3.295
301.000 -118.935 -133.718
302.000 113.583 159.711
303.000 187.664 -122.013
304.000 54.588 -83.416
305.000 232.806 49.091
306.000 64.469 -37.705
307.000 -98.705 -18.288
308.000 7.951 -37.569
309.000 -45.002 -98.823
310.000 14.880 43.311
311.000 83.560 -1.787
312.000 -93.778 -138.994
313.000 -28.173 82.584
314.000 -14.054 22.919
315.000 -114.029 127.814
316.000 -130.618 71.285
317.000 -21.917 -63.124
318.000 72.278 -94.144
319.000 -54.711 82.698
320.000 -47.460 -75.913
321.000 34.320 -125.466
322.000 94.344 -60.239
323.000 21.552 0.159
324.000 45.287 2.335
325.000 50.506 -101.128
326.000 -47.514 -57.590
327.000 25.067 173.697
328.000 -34.562 -133.819
329.000 158.167 -72.462
330.000 -71.026 47.909
331.000 12.397 133.131
332.000 -2.185 19.392
333.000 -150.697 52.238
334.000 -154.712 190.554
335.000 -58.569 79.732
336.000 72.442 116.564
337.000 -28.919 -179.667
338.000 -16.285 -125.461
339.000 -223.944 29.723
340.000 37.008 155.663
341.000 110.911 54.366
342.000 118.986 151.078
343.000 105.000 -48.321
344.000 10.951 94.612
345.000 -0.587 -77.660
346.000 83.643 -32.869
347.000 -32.347 63.766
348.000 -263.042 193.553
349.000 62.515 31.009
350.000 -146.126 79.397
351.000 108.142 175.026
352.000 155.665 -82.726
353.000 82.818 158.159
354.000 119.031 115.048
355.000 235.213 1.034
356.000 -44.077 173.254
357.000 102.186 -137.685
358.000 103.519 -33.027
359.000 -22.231 56.775
360.000 263.049 8.586
361.000 -14.440 -125.398
362.000 -51.036 -42.649
363.000 27.096 -107.451
364.000 84.097 157.581
365.000 -93.122 185.475
366.000 -99.756 -29.373
367.000 11.945 136.403
368.000 -171.907 -132.954
369.000 -90.934 -88.705
370.000 -77.295 19.026
371.000 -14.843 -36.081
372.000 35.133 -79.128
373.000 250.745 -27.395
374.000 167.834 -177.083
375.000 82.193 -157.780
376.000 52.100 34.475
377.000 149.357 -178.873
378.000 86.478 224.247
379.000 111.226 -68.086
380.000 138.511 -7.709
381.000 -119.483 43.590
382.000 -257.961 131.427
383.000 -41.585 -14.245
384.000 -30.113 -102.663
385.000 -0.448 4.996
386.000 -73.303 144.675
387.000 -16.418 0.965
388.000 84.889 11.196
389.000 111.007 16.199
390.000 199.693 -16.446
391.000 -139.494 -81.497
392.000 -84.912 78.321
393.000 220.934 -123.641
394.000 123.039 12.721
395.000 123.345 -83.187
396.000 -5.857 8.678
397.000 -46.633 210.049
398.000 1.607 146.997
399.000 -126.251 105.634
400.000 -192.000 56.440
401.000 -148.920 245.038
402.000 -17.137 146.550
403.000 50.568 61.553
404.000 172.258 -55.156
405.000 66.227 -92.896
406.000 97.060 26.691
407.000 235.492 -53.171
408.000 -0.489 5.641
409.000 -15.835 -108.453
410.000 21.028 -87.696
411.000 52.413 -0.402
412.000 246.022 67.480
413.000 -12.587 -48.158
414.000 131.236 36.755
415.000 -65.867 70.665
416.000 16.357 20.787
417.000 28.463 94.362
418.000 14.870 277.175
419.000 45.724 300.232
420.000 -82.499 -146.320
421.000 152.307 48.341
422.000 126.785 -1.725
423.000 -20.560 118.774
424.000 117.194 -15.494
425.000 -30.045 -99.896
426.000 89.703 88.587
427.000 -42.203 34.335
428.000 134.162 -177.191
429.000 340.506 -113.898
430.000 169.573 100.326
431.000 73.729 34.828
432.000 -108.868 -49.438
433.000 5.594 93.516
434.000 79.094 251.014
435.000 -46.993 88.348
436.000 -16.168 71.721
437.000 -182.772 231.275
438.000 -78.643 34.138
439.000 -155.975 164.469
440.000 241.183 -1.715
441.000 114.022 -33.983
442.000 149.852 -114.263
443.000 60.083 -189.851
444.000 -71.058 -31.431
445.000 80.160 8.709
446.000 -19.269 -106.609
447.000 -74.113 -35.708
448.000 6.655 17.019
449.000 -6.939 -108.206
450.000 -49.933 15.961
451.000 -116.251 -113.900
452.000 -136.156 33.771
453.000 -27.899 68.862
454.000 109.469 167.818
455.000 -153.000 -153.254
456.000 -36.384 -85.661
457.000 33.910 61.243
458.000 51.171 28.700
459.000 18.256 -70.238
460.000 273.398 146.601
461.000 115.143 -89.046
462.000 -36.052 64.604
463.000 -143.993 85.095
464.000 5.515 -154.863
465.000 148.926 88.073
466.000 1.084 96.361
467.000 -263.617 -51.047
468.000 -176.605 247.197
469.000 -25.388 58.345
470.000 78.080 243.522
471.000 1.228 -88.730
472.000 22.266 -37.731
473.000 136.640 72.258
474.000 175.812 -48.399
475.000 -0.692 95.813
476.000 121.311 -83.892
477.000 -15.492 -251.949
478.000 -32.654 79.020
479.000 121.225 -49.836
480.000 -98.191 -3.872
481.000 39.594 -12.698
482.000 32.097 112.847
483.000 67.613 128.769
484.000 -147.574 -218.509
485.000 -1.383 118.614
486.000 -50.686 -101.776
487.000 119.494 82.464
488.000 -87.445 34.244
489.000 -103.973 92.317
490.000 78.986 -180.620
491.000 -35.794 -34.139
492.000 -62.866 164.151
493.000 168.207 182.202
494.000 123.066 -185.218
495.000 -236.334 -99.432
496.000 -29.832 -161.850
497.000 -66.841 -39.380
498.000 86.901 122.273
499.000 147.848 132.838
500.000 187.290 -25.516
501.000 38.263 -10.125
502.000 -148.827 -83.343
503.000 -151.260 -0.270
504.000 -124.347 129.752
505.000 35.711 70.961
506.000 133.523 127.348
507.000 -162.649 93.033
508.000 110.820 89.395
509.000 159.512 51.842
510.000 108.981 -129.634
511.000 403.900 22.333
512.000 128.541 -153.695
513.000 65.801 -248.232
514.000 105.303 -188.570
515.000 -31.670 -7.286
516.000 -109.027 113.392
517.000 23.852 111.349
518.000 83.042 -103.079
519.000 -62.568 42.916
520.000 54.659 150.360
521.000 -66.341 90.362
522.000 149.999 20.059
523.000 28.580 -43.931
524.000 82.606 -83.874
525.000 126.672 0.941
526.000 -68.326 114.889
527.000 59.075 144.059
528.000 264.192 -219.978
529.000 78.637 -9.492
530.000 202.686 169.063
531.000 132.523 -188.668
532.000 -160.064 26.652
533.000 71.525 203.017
534.000 -127.205 178.052
535.000 -6.089 219.581
536.000 -80.506 92.563
537.000 -35.437 98.931
538.000 -35.763 248.721
539.000 11.249 84.988
540.000 -37.617 139.870
541.000 -105.800 143.953
542.000 -50.964 -51.077
543.000 158.517 39.781
544.000 249.836 91.527
545.000 103.496 39.309
546.000 159.102 16.201
547.000 159.991 86.101
548.000 -92.743 144.232
549.000 -164.916 102.185
550.000 -4.717 88.785
551.000 -208.093 8.891
552.000 -60.040 91.007
553.000 -187.459 194.116
554.000 -100.982 78.769
555.000 -104.861 86.533
556.000 37.959 118.927
557.000 -58.534 -108.268
558.000 -86.702 -63.459
559.000 53.932 14.794
560.000 362.675 144.145
561.000 125.667 -39.174
562.000 -115.174 106.912
563.000 83.100 17.840
564.000 318.584 -8.919
565.000 60.218 38.289
566.000 149.991 33.906
567.000 110.989 45.608
568.000 99.577 52.754
569.000 71.727 0.164
570.000 -12.044 212.965
571.000 -57.410 59.927
572.000 -57.791 -6.778
573.000 -2.247 -23.022
574.000 48.624 73.003
575.000 -99.712 46.603
576.000 20.588 -24.985
577.000 61.449 -146.977
578.000 86.819 11.257
579.000 47.883 -133.019
580.000 154.236 14.804
581.000 50.576 -220.323
582.000 5.101 104.723
583.000 -102.615 67.809
584.000 -78.550 6.455
585.000 2.977 13.592
586.000 -22.084 25.693
587.000 -244.769 145.787
588.000 52.629 66.285
589.000 -101.042 219.591
590.000 -105.252 15.838
591.000 116.465 121.295
592.000 143.346 160.193
593.000 -23.256 -51.207
594.000 29.148 33.653
595.000 -47.197 -132.131
596.000 159.557 -245.687
597.000 163.439 -5.377
598.000 16.382 -1.871
599.000 181.150 46.698
600.000 112.323 -91.733
601.000 -13.927 59.864
602.000 51.414 -86.813
603.000 -200.321 19.572
604.000 -68.015 202.563
605.000 -15.544 -61.131
606.000 -32.685 142.813
607.000 189.223 -72.682
608.000 35.430 70.669
609.000 62.941 -86.124
610.000 -85.823 -125.934
611.000 44.960 -201.254
612.000 -4.011 -2.739
613.000 312.065 -208.916
614.000 30.232 -20.079
615.000 71.043 -44.530
616.000 162.362 -203.860
617.000 84.958 -22.618
618.000 -143.735 -66.493
619.000 42.061 93.645
620.000 35.235 85.195
621.000 -60.991 218.604
622.000 4.662 107.487
623.000 -22.165 77.777
624.000 -155.477 96.707
625.000 -53.075 61.955
626.000 27.338 -10.135
627.000 -12.702 45.047
628.000 116.639 -3.518
629.000 173.510 10.492
630.000 103.556 -162.275
631.000 33.781 -44.446
632.000 194.726 60.805
633.000 53.917 53.184
634.000 53.928 82.665
635.000 -79.506 104.340
636.000 -44.230 91.709
637.000 63.375 170.094
638.000 31.027 -6.894
639.000 -60.802 149.268
640.000 -32.264 88.972
641.000 2.540 25.769
642.000 -91.338 52.587
643.000 6.340 35.379
644.000 -5.391 -131.239
645.000 -75.865 -116.164
646.000 88.447 53.358
647.000 61.766 -121.478
648.000 -75.427 50.419
649.000 -21.090 47.641
650.000 31.438 43.686
651.000 -270.484 30.802
652.000 15.264 177.482
653.000 4.091 105.853
654.000 28.284 191.932
655.000 -103.094 173.613
656.000 -184.599 65.346
657.000 29.508 46.648
658.000 -155.087 48.550
659.000 56.716 87.380
660.000 -42.864 -87.280
661.000 -55.630 -167.493
662.000 91.838 -37.157
663.000 185.214 -177.809
664.000 60.136 -111.008
665.000 45.967 -8.320
666.000 -110.908 11.038
667.000 122.868 139.476
668.000 25.563 -97.121
669.000 -30.813 -127.758
670.000 108.041 125.823
671.000 -193.605 -65.428
672.000 -94.465 127.614
673.000 -42.455 -94.555
674.000 -63.465 -31.378
675.000 -262.022 119.550
676.000 36.778 -117.696
677.000 20.882 -2.642
678.000 145.810 22.858
679.000 265.569 -158.454
680.000 53.307 -5.669
681.000 113.182 58.326
682.000 94.804 -55.187
683.000 73.770 -47.003
684.000 24.653 104.225
685.000 55.430 -121.401
686.000 107.742 100.495
687.000 -109.164 49.747
688.000 151.948 121.202
689.000 5.608 66.626
690.000 -13.695 -37.058
691.000 -259.890 109.433
692.000 -20.539 88.055
693.000 -97.033 -27.110
694.000 80.001 -150.049
695.000 138.974 8.933
696.000 175.233 -0.505
697.000 54.240 -207.003
698.000 66.322 -160.059
699.000 112.283 -270.881
700.000 -154.020 -0.061
701.000 -5.981 7.233
702.000 -38.418 -43.663
703.000 45.957 96.462
704.000 -71.194 256.683
705.000 34.799 7.137
706.000 -65.827 -25.766
707.000 40.135 190.111
708.000 185.550 -128.094
709.000 135.181 -176.208
710.000 94.249 114.043
711.000 135.907 -9.820
712.000 5.753 -144.815
713.000 -17.889 -85.626
714.000 -14.827 -51.278
715.000 92.085 -70.642
716.000 214.483 -1.770
717.000 -18.424 -83.280
718.000 83.053 -191.411
719.000 -109.985 -149.216
720.000 -128.821 135.740
721.000 59.323 -16.619
722.000 -109.165 4.059
723.000 -118.849 -187.473
724.000 151.305 -72.695
725.000 -30.275 67.254
726.000 -25.964 -16.808
727.000 -24.245 33.758
728.000 62.343 44.452
729.000 -29.131 -67.610
730.000 64.347 216.394
731.000 177.845 -91.218
732.000 39.785 18.768
733.000 -171.269 -9.405
734.000 -11.547 147.069
735.000 112.339 -47.626
736.000 126.048 -53.134
737.000 28.372 -29.048
738.000 115.555 88.503
739.000 -145.138 121.883
740.000 79.881 -5.833
741.000 -25.846 91.839
742.000 29.830 -100.915
743.000 -308.270 199.108
744.000 87.178 138.515
745.000 43.040 82.521
746.000 231.422 -30.192
747.000 76.208 -98.621
748.000 -29.394 4.340
749.000 -9.574 -122.588
750.000 106.068 -193.589
751.000 83.459 16.862
752.000 -29.051 1.831
753.000 -93.853 147.591
754.000 142.708 -51.723
755.000 -52.040 139.605
756.000 -48.930 -0.734
757.000 -102.293 71.658
758.000 92.036 112.138
759.000 72.909 72.083
760.000 -125.112 -34.312
761.000 -10.482 106.715
762.000 -73.132 -108.697
763.000 225.399 113.511
764.000 100.952 -234.223
765.000 39.082 52.550
766.000 36.117 -121.140
767.000 119.094 -93.820
768.000 27.396 -209.774
769.000 187.933 -33.124
770.000 -80.673 25.531
771.000 -133.438 97.857
772.000 111.829 153.482
773.000 -85.812 45.319
774.000 91.833 72.809
775.000 39.005 105.786
776.000 -175.775 89.679
777.000 -85.158 180.950
778.000 0.855 45.704
779.000 -4.161 -77.516
780.000 68.923 39.543
781.000 -5.691 -214.848
782.000 57.691 -170.848
783.000 169.037 -75.926
784.000 196.799 -55.098
785.000 -28.085 94.861
786.000 9.458 -6.568
787.000 -1.545 -15.951
788.000 -145.852 102.519
789.000 63.639 106.172
790.000 12.234 123.351
791.000 0.967 172.292
792.000 -61.094 143.778
793.000 45.826 58.694
794.000 70.722 -9.539
795.000 110.511 -107.531
796.000 -0.706 74.139
797.000 72.167 -6.880
798.000 15.282 50.229
799.000 32.314 -61.449
800.000 165.525 -8.504
801.000 67.432 -33.413
802.000 33.961 -182.480
803.000 91.346 -49.471
804.000 75.916 -202.949
805.000 -87.866 31.447
806.000 -96.402 347.309
807.000 25.574 170.812
808.000 0.199 205.064
809.000 -72.176 41.269
810.000 77.330 -23.075
811.000 -36.540 1.560
812.000 -199.496 94.945
813.000 -64.047 -107.302
814.000 -111.234 216.960
815.000 167.660 -90.077
816.000 114.199 -77.304
817.000 78.301 68.795
818.000 -170.446 -4.885
819.000 -99.111 51.082
820.000 15.275 -238.705
821.000 -169.199 -29.470
822.000 81.054 14.039
823.000 -42.677 45.853
824.000 -60.921 231.420
825.000 -59.782 1.219
826.000 -147.330 91.818
827.000 -147.556 228.125
828.000 -217.531 -173.914
829.000 -5.161 -120.466
830.000 54.971 -40.291
831.000 11.311 -114.147
832.000 23.674 -159.863
833.000 -31.521 -27.765
834.000 90.483 90.419
835.000 -184.915 -177.018
836.000 -62.870 76.888
837.000 -36.828 -119.340
838.000 -43.282 -53.991
839.000 7.495 126.293
840.000 -52.519 110.043
841.000 -31.597 59.473
842.000 70.574 61.440
843.000 84.347 55.290
844.000 20.867 -69.549
845.000 96.521 161.516
846.000 164.746 75.584
847.000 50.788 -187.506
848.000 -105.386 78.687
849.000 151.737 -176.695
850.000 -37.675 14.120
851.000 250.733 -191.136
852.000 231.756 151.052
853.000 -5.261 84.447
854.000 -81.757 79.202
855.000 -62.292 67.460
856.000 -21.852 -104.384
857.000 93.341 -67.108
858.000 -172.368 191.352
859.000 32.505 113.714
860.000 -261.476 108.974
861.000 75.944 -29.529
862.000 -36.066 -13.312
863.000 10.300 -18.317
864.000 1.688 48.141
865.000 126.639 95.905
866.000 87.012 162.152
867.000 229.196 -52.597
868.000 -114.486 -26.881
869.000 -32.509 -124.996
870.000 -89.136 -248.179
871.000 98.791 43.215
872.000 -163.267 -167.015
873.000 226.659 -28.616
874.000 -26.442 48.575
875.000 72.478 107.908
876.000 -153.357 51.718
877.000 -35.931 153.244
878.000 15.810 156.564
879.000 -101.585 -21.157
880.000 -33.592 -93.483
881.000 166.798 36.383
882.000 158.271 -4.997
883.000 106.401 -22.619
884.000 256.184 -0.077
885.000 -132.898 -222.360
886.000 85.436 -87.379
887.000 5.488 123.144
888.000 167.754 -73.450
889.000 114.856 46.417
890.000 98.997 -50.932
891.000 -96.852 145.955
892.000 4.966 65.804
893.000 49.928 -32.630
894.000 72.787 225.024
895.000 -140.644 -208.150
896.000 -100.858 -60.064
897.000 12.187 104.415
898.000 149.102 -116.404
899.000 92.303 -157.283
900.000 184.622 -189.573
901.000 -137.596 -109.625
902.000 33.223 -53.110
903.000 104.963 -191.991
904.000 69.331 -3.440
905.000 -165.186 22.976
906.000 112.403 59.705
907.000 14.947 -94.188
908.000 -85.415 76.511
909.000 66.994 -45.366
910.000 -232.555 47.531
911.000 -109.662 77.424
912.000 38.871 224.273
913.000 3.575 147.256
914.000 -36.289 87.851
915.000 -7.160 142.224
916.000 5.653 -120.737
917.000 132.604 -120.183
918.000 26.061 -51.270
919.000 127.108 46.641
920.000 -154.634 7.549
921.000 164.509 -16.845
922.000 267.305 130.417
923.000 51.576 47.373
924.000 -28.773 32.648
925.000 -92.929 1.559
926.000 16.687 143.962
927.000 -125.212 -36.903
928.000 -141.003 123.460
929.000 -262.977 122.562
930.000 -10.116 62.486
931.000 -43.324 136.945
932.000 -15.851 172.945
933.000 28.274 -118.908
934.000 -25.561 19.429
935.000 74.537 -129.514
936.000 -49.293 -20.348
937.000 41.819 -89.998
938.000 12.540 -95.916
939.000 -148.330 -51.366
940.000 -120.215 57.400
941.000 -80.267 35.755
942.000 -96.441 24.909
943.000 -28.397 175.142
944.000 -101.853 176.923
945.000 -65.353 76.477
946.000 -92.009 -98.326
947.000 -294.418 -206.645
948.000 -27.452 -17.509
949.000 -77.292 57.711
950.000 11.703 -137.662
951.000 -32.085 77.717
952.000 120.756 -146.950
953.000 53.581 78.278
954.000 123.595 73.999
955.000 118.270 39.909
956.000 -34.936 -102.694
957.000 81.769 157.571
958.000 1.294 3.134
959.000 -146.617 22.761
960.000 -66.498 54.389
961.000 -52.369 -81.669
962.000 66.332 131.936
963.000 -86.507 172.527
964.000 121.071 125.848
965.000 61.176 -15.171
966.000 -205.265 -74.931
967.000 -76.538 -83.704
968.000 102.239 104.755
969.000 -91.449 50.139
970.000 104.481 -79.598
971.000 189.878 -110.484
972.000 12.209 -170.255
973.000 161.466 -58.389
974.000 131.531 -60.283
975.000 -28.414 151.324
976.000 -45.298 -128.777
977.000 -37.705 47.669
978.000 -18.214 216.148
979.000 -217.307 59.437
980.000 -67.019 14.580
981.000 -204.249 -142.458
982.000 -51.326 108.010
983.000 -16.850 -25.370
984.000 -155.847 -105.831
985.000 -83.603 38.302
986.000 13.487 -67.706
987.000 272.122 -208.319
988.000 -87.808 -16.008
989.000 50.632 49.659
990.000 -69.498 -93.834
991.000 -39.256 176.209
992.000 74.918 -95.763
993.000 -11.873 240.396
994.000 -14.494 11.130
995.000 -15.064 268.932
996.000 -5.150 73.921
997.000 -269.896 29.351
998.000 0.302 -62.080
999.000 -26.542 -35.174
1000.000 43.695 -156.665
1001.000 108.571 -100.549
1002.000 83.415 75.532
1003.000 121.367 -138.430
1004.000 -62.003 64.378
1005.000 94.692 -75.534
1006.000 26.274 -34.382
1007.000 10.335 -17.960
1008.000 127.490 -84.048
1009.000 -73.330 116.156
1010.000 -110.251 -11.507
1011.000 -189.071 -22.457
1012.000 -94.133 189.651
1013.000 43.517 3.141
1014.000 -221.248 -72.036
1015.000 -13.764 -22.772
1016.000 -272.028 76.113
1017.000 -65.778 -54.757
1018.000 67.819 -6.861
1019.000 -12.959 15.684
1020.000 -68.773 34.632
1021.000 17.346 90.122
1022.000 147.790 59.310
1023.000 185.413 -15.981
1024.000 169.122 -102.308
1025.000 64.519 -19.661
1026.000 10.535 -103.736
1027.000 53.783 -23.111
1028.000 -174.510 129.022
1029.000 -162.782 72.815
1030.000 64.338 -0.792
1031.000 29.723 64.350
1032.000 47.198 -65.869
1033.000 2.170 105.707
1034.000 -80.538 -20.786
1035.000 -85.107 149.836
1036.000 133.355 -163.048
1037.000 158.421 -150.511
1038.000 -59.033 -116.090
1039.000 -26.349 -43.763
1040.000 24.668 -48.308
1041.000 104.090 -41.717
1042.000 -38.957 101.342
1043.000 -112.053 70.827
1044.000 52.807 -103.621
1045.000 -0.240 42.959
1046.000 -136.385 -102.131
1047.000 -131.802 222.954
1048.000 54.180 -29.898
1049.000 -169.331 75.214
1050.000 -50.280 -32.579
1051.000 45.913 -60.305
1052.000 38.290 -205.673
1053.000 131.338 -84.682
1054.000 -122.101 -85.151
1055.000 53.624 -33.176
1056.000 76.765 59.264
1057.000 67.292 98.123
1058.000 73.419 224.271
1059.000 -122.582 -196.854
1060.000 116.824 224.976
1061.000 -1.532 79.755
1062.000 -5.047 105.751
1063.000 -125.649 29.990
1064.000 -48.755 53.751
1065.000 75.155 108.777
1066.000 -43.770 73.772
1067.000 -2.306 -80.953
1068.000 31.750 -90.865
1069.000 -142.348 -124.080
1070.000 20.488 -110.486
1071.000 117.588 -186.266
1072.000 2.334 -156.882
1073.000 41.783 49.607
1074.000 30.104 24.911
1075.000 -143.041 -71.479
1076.000 73.849 -90.815
1077.000 -163.838 -139.260
1078.000 -5.455 15.026
1079.000 -75.184 -148.374
1080.000 -102.739 110.307
1081.000 -60.915 51.832
1082.000 16.835 -46.532
1083.000 38.405 -124.246
1084.000 -65.736 -79.001
1085.000 -17.333 82.913
1086.000 -65.959 33.335
1087.000 -109.390 -42.828
1088.000 142.302 -33.312
1089.000 -59.526 -41.355
1090.000 -28.599 2.774
1091.000 70.236 -188.522
1092.000 -120.800 -22.154
1093.000 40.487 -39.308
1094.000 -113.810 49.405
1095.000 -162.180 -26.342
1096.000 -120.681 15.734
1097.000 -154.667 72.026
1098.000 -44.806 119.747
1099.000 82.585 -36.959
1100.000 23.795 74.056
1101.000 23.103 -13.704
1102.000 -62.978 -104.958
1103.000 -4.821 -17.686
1104.000 45.357 -122.002
1105.000 39.188 -171.950
1106.000 61.955 93.306
1107.000 -77.926 -26.442
1108.000 205.588 -148.439
1109.000 -123.786 47.286
1110.000 -26.783 15.188
1111.000 48.433 49.588
1112.000 -128.268 42.626
1113.000 37.151 -79.021
1114.000 -215.927 -95.586
1115.000 -148.198 45.755
1116.000 -300.062 -103.736
1117.000 54.037 -23.438
1118.000 -148.761 -172.836
1119.000 -76.865 -68.906
1120.000 89.549 -34.806
1121.000 63.931 -84.055
1122.000 146.416 -20.676
1123.000 107.525 -65.598
1124.000 126.577 -16.926
1125.000 -23.220 -24.204
1126.000 -2.158 23.706
1127.000 58.689 -57.028
1128.000 38.255 81.370
1129.000 38.526 25.858
1130.000 -146.688 62.141
1131.000 -186.664 47.419
1132.000 -201.272 12.492
1133.000 -114.116 85.535
1134.000 -61.365 -134.193
1135.000 -150.354 -106.674
1136.000 -27.454 -186.979
1137.000 74.897 21.413
1138.000 127.533 -101.407
1139.000 -19.589 -25.837
1140.000 98.709 108.001
1141.000 -91.027 2.638
1142.000 -41.945 -269.801
1143.000 16.409 -142.990
1144.000 -80.577 85.393
1145.000 -115.658 -2.499
1146.000 -30.157 126.913
1147.000 -170.341 230.151
1148.000 -66.910 -30.069
1149.000 -87.425 281.382
1150.000 -16.844 23.991
1151.000 23.463 16.122
1152.000 -18.545 82.375
1153.000 -59.634 338.577
1154.000 111.709 -39.567
1155.000 47.355 113.643
1156.000 -49.856 35.578
1157.000 58.258 -58.313
1158.000 -25.629 -19.334
1159.000 -229.568 -140.903
1160.000 -91.229 -66.651
1161.000 -54.929 -150.244
1162.000 -84.705 88.631
1163.000 -211.998 -82.000
1164.000 -107.218 34.605
1165.000 -36.573 -111.355
1166.000 -192.177 -43.431
1167.000 -43.574 -131.973
1168.000 -256.309 18.067
1169.000 17.031 -79.720
1170.000 -68.177 -40.906
1171.000 -124.834 78.288
1172.000 136.810 77.162
1173.000 82.972 -239.457
1174.000 134.077 -223.956
1175.000 64.953 -11.116
1176.000 55.953 -29.444
1177.000 -35.391 8.087
1178.000 23.515 40.777
1179.000 -49.006 114.574
1180.000 -123.696 65.362
1181.000 -92.853 84.328
1182.000 -208.125 42.714
1183.000 -82.119 -61.245
1184.000 -26.583 55.650
1185.000 -42.406 79.219
1186.000 21.918 -118.108
1187.000 -43.722 163.780
1188.000 11.316 61.042
1189.000 27.592 -240.057
1190.000 227.390 -39.316
1191.000 -91.321 -116.412
1192.000 233.890 89.072
1193.000 -52.114 47.623
1194.000 -31.201 59.364
1195.000 8.318 3.776
1196.000 16.526 73.289
1197.000 -62.960 126.452
1198.000 -52.246 -97.527
1199.000 57.159 56.928
1200.000 178.289 33.617
1201.000 -30.190 40.107
1202.000 13.940 114.090
1203.000 -44.747 -45.709
1204.000 151.812 -154.319
1205.000 -3.213 -170.839
1206.000 75.309 13.345
1207.000 -68.087 -197.099
1208.000 -225.221 -126.104
1209.000 258.108 -25.583
1210.000 126.362 -147.377
1211.000 93.214 -234.141
1212.000 -111.407 -31.656
1213.000 -202.290 18.578
1214.000 -83.504 -113.270
1215.000 -62.307 89.350
1216.000 -9.574 -76.128
1217.000 -78.800 -143.188
1218.000 55.953 98.755
1219.000 -20.818 37.172
1220.000 -4.278 9.518
1221.000 102.033 -175.391
1222.000 -58.187 -251.220
1223.000 62.826 -92.113
1224.000 -19.627 -133.934
1225.000 -28.653 -168.591
1226.000 182.577 -81.233
1227.000 128.353 13.154
1228.000 55.014 -154.108
1229.000 109.973 -20.665
1230.000 -4.031 -22.048
1231.000 73.342 234.143
1232.000 -158.101 -17.243
1233.000 -95.735 -60.253
1234.000 -42.141 50.219
1235.000 -170.399 304.116
1236.000 -121.679 -89.333
1237.000 -157.565 -85.157
1238.000 54.154 -44.016
1239.000 -37.781 -162.682
1240.000 51.448 11.926
1241.000 87.046 -170.181
1242.000 22.486 -63.058
1243.000 35.057 -95.608
1244.000 33.604 33.837
1245.000 43.838 85.353
1246.000 112.937 16.007
1247.000 -149.866 -78.005
1248.000 -51.783 42.942
1249.000 -192.858 -12.530
1250.000 61.485 65.607
1251.000 -260.800 2.182
1252.000 -54.859 23.393
1253.000 -96.674 -37.094
1254.000 -92.045 16.017
1255.000 56.953 176.740
1256.000 59.695 115.615
1257.000 -70.104 -83.941
1258.000 80.433 -43.415
1259.000 66.085 -238.086
1260.000 -41.022 4.237
1261.000 -123.935 38.272
1262.000 79.335 -194.226
1263.000 48.160 -146.531
1264.000 8.727 -137.851
1265.000 -113.432 5.806
1266.000 43.977 -54.856
1267.000 256.726 102.567
1268.000 -65.438 79.490
1269.000 -20.020 -110.109
1270.000 -137.291 -76.200
1271.000 -116.221 -37.767
1272.000 158.544 -56.281
1273.000 230.184 44.563
1274.000 -1.752 -4.400
1275.000 -31.741 103.077
1276.000 -55.421 -295.655
1277.000 -29.938 197.141
1278.000 23.078 5.476
1279.000 -123.907 -62.544
1280.000 -92.382 -117.302
1281.000 49.593 77.335
1282.000 -80.187 167.726
1283.000 -155.299 109.586
1284.000 -201.185 147.984
1285.000 22.295 45.363
1286.000 -178.596 -4.755
1287.000 -73.322 -61.489
1288.000 60.383 -186.395
1289.000 36.605 -41.136
1290.000 32.811 67.075
1291.000 50.570 139.336
1292.000 -62.894 -69.241
1293.000 -37.465 -232.584
1294.000 -17.330 -101.554
1295.000 -268.899 -14.589
1296.000 -43.392 125.019
1297.000 -33.510 1.740
1298.000 -53.570 132.515
1299.000 -76.767 92.248
1300.000 -58.284 84.160
1301.000 -58.687 81.307
1302.000 78.107 75.528
1303.000 -59.784 10.974
1304.000 25.434 19.124
1305.000 -98.135 -49.474
1306.000 15.603 54.433
1307.000 33.002 -187.578
1308.000 -1.521 -144.520
1309.000 -138.179 18.017
1310.000 -98.979 -167.316
1311.000 74.355 -28.297
1312.000 12.086 -97.333
1313.000 -25.578 -175.906
1314.000 -89.855 -16.881
1315.000 -35.211 135.242
1316.000 -6.286 -3.425
1317.000 108.120 114.754
1318.000 -84.902 131.328
1319.000 -99.443 -94.985
1320.000 -45.742 117.704
1321.000 59.205 -35.522
1322.000 193.328 99.262
1323.000 41.604 -54.154
1324.000 -136.562 24.995
1325.000 26.369 253.000
1326.000 -78.583 -123.174
1327.000 -58.521 -188.610
1328.000 212.854 -56.450
1329.000 -14.666 18.037
1330.000 -69.503 120.909
1331.000 117.198 130.107
1332.000 -33.384 -20.394
1333.000 -173.249 -16.335
1334.000 -67.992 -90.900
1335.000 -219.951 -37.117
1336.000 -165.272 40.698
1337.000 -51.656 145.262
1338.000 -308.865 170.125
1339.000 37.119 -92.183
1340.000 13.204 -86.432
1341.000 92.829 -29.746
1342.000 -13.087 -20.985
1343.000 78.791 -17.639
1344.000 -58.948 -219.329
1345.000 -57.718 -188.973
1346.000 32.175 31.296
1347.000 6.438 77.555
1348.000 -18.598 -83.926
1349.000 95.561 10.767
1350.000 -85.736 103.475
1351.000 -27.327 69.275
1352.000 -44.744 -54.065
1353.000 -62.118 67.325
1354.000 -27.728 -77.610
1355.000 -226.158 66.576
1356.000 -88.333 -33.352
1357.000 99.241 -98.521
1358.000 -19.333 -40.901
1359.000 96.561 -133.266
1360.000 84.591 -188.525
1361.000 -263.661 -18.504
1362.000 -95.651 -141.700
1363.000 -43.680 69.440
1364.000 -63.469 68.706
1365.000 -61.791 62.438
1366.000 -81.880 -136.080
1367.000 -139.376 79.975
1368.000 -138.600 -54.120
1369.000 -274.147 142.996
1370.000 115.907 -61.350
1371.000 70.046 5.608
1372.000 34.411 85.344
1373.000 -41.341 -54.416
1374.000 -101.980 -64.960
1375.000 253.511 -32.930
1376.000 -67.488 -79.762
1377.000 180.323 -49.546
1378.000 71.111 -55.623
1379.000 -56.143 -199.624
1380.000 -59.410 178.209
1381.000 -38.194 72.995
1382.000 -80.065 30.470
1383.000 -180.774 -68.343
1384.000 -16.152 118.688
1385.000 -164.382 -10.691
1386.000 -3.039 50.247
1387.000 -95.960 21.177
1388.000 -54.774 54.203
1389.000 -41.658 189.538
1390.000 -71.925 -41.612
1391.000 -20.620 110.059
1392.000 27.337 4.088
1393.000 258.043 -145.815
1394.000 -91.019 157.996
1395.000 -30.029 -0.141
1396.000 -3.737 -215.763
1397.000 -103.746 -91.554
1398.000 -129.737 -126.776
1399.000 -173.398 -102.008
1400.000 -46.749 -77.971
1401.000 -113.894 27.304
1402.000 -57.660 53.244
1403.000 -224.316 116.340
1404.000 -169.645 48.539
1405.000 19.730 39.602
1406.000 19.320 165.529
1407.000 -191.567 -66.492
1408.000 68.918 26.638
1409.000 -47.896 59.138
1410.000 -87.103 43.550
1411.000 107.046 -146.648
1412.000 126.895 -116.150
1413.000 -217.351 -77.572
1414.000 105.150 10.928
1415.000 -49.771 68.006
1416.000 -74.144 -31.412
1417.000 -81.144 149.062
1418.000 43.694 83.880
1419.000 48.100 -32.848
1420.000 -51.611 135.791
1421.000 -6.652 -128.286
1422.000 136.846 22.261
1423.000 -62.427 -174.148
1424.000 -141.603 12.099
1425.000 34.123 82.684
1426.000 72.884 27.361
1427.000 3.724 -288.334
1428.000 10.982 -41.042
1429.000 247.542 -10.412
1430.000 2.369 11.061
1431.000 -73.671 7.991
1432.000 -270.607 40.650
1433.000 57.762 -156.111
1434.000 81.354 -1.837
1435.000 -181.750 -39.139
1436.000 -20.533 31.044
1437.000 -119.184 69.641
1438.000 -77.314 -39.578
1439.000 -133.444 -13.633
1440.000 -59.896 76.534
1441.000 48.117 -54.759
1442.000 -67.033 -64.573
1443.000 -62.724 -35.825
1444.000 -78.741 68.357
1445.000 144.985 -104.148
1446.000 -47.605 -229.098
1447.000 92.640 -162.770
1448.000 -106.256 -44.154
1449.000 -212.988 -207.624
1450.000 -77.683 -101.858
1451.000 -19.887 -81.771
1452.000 45.846 214.915
1453.000 3.302 114.496
1454.000 -50.753 -35.315
1455.000 -330.235 -48.168
1456.000 -24.543 -88.394
1457.000 -204.266 27.260
1458.000 -106.165 -7.220
1459.000 163.903 -165.158
1460.000 106.352 -10.442
1461.000 -84.253 45.932
1462.000 -0.409 -21.173
1463.000 115.690 -73.633
1464.000 17.475 66.286
1465.000 -1.836 -26.499
1466.000 -110.536 -14.159
1467.000 33.695 55.008
1468.000 25.298 -136.893
1469.000 -140.026 172.775
1470.000 -276.571 53.174
1471.000 99.160 36.696
1472.000 -149.624 112.893
1473.000 -28.944 -70.935
1474.000 -140.043 -64.626
1475.000 -108.888 40.400
1476.000 82.886 28.113
1477.000 -23.185 -175.467
1478.000 102.186 -77.401
1479.000 115.057 -161.291
1480.000 -12.486 -115.591
1481.000 63.014 -172.339
1482.000 98.377 17.684
1483.000 126.909 -19.765
1484.000 -45.056 -120.122
1485.000 -39.103 44.318
1486.000 -152.737 21.771
1487.000 4.951 31.600
1488.000 -69.713 -97.981
1489.000 -211.410 -68.948
1490.000 -104.143 7.845
1491.000 -64.947 -72.948
1492.000 -92.006 -47.295
1493.000 -82.933 29.379
1494.000 -153.009 25.499
1495.000 36.751 -76.153
1496.000 -4.660 -109.898
1497.000 131.882 -256.828
1498.000 25.012 -80.493
1499.000 106.339 -106.784
1500.000 -114.285 -81.609
1501.000 20.909 39.144
1502.000 34.166 -128.623
1503.000 16.627 88.650
1504.000 -98.466 -66.114
1505.000 -165.864 -100.859
1506.000 89.971 -48.886
1507.000 -86.444 -76.248
1508.000 -170.012 6.724
1509.000 -51.617 175.775
1510.000 24.376 140.164
1511.000 -58.125 -76.206
1512.000 70.725 -82.493
1513.000 130.059 53.415
1514.000 39.406 20.197
1515.000 139.352 -154.745
1516.000 14.529 -6.864
1517.000 -38.791 -10.278
1518.000 144.187 90.911
1519.000 27.452 258.316
1520.000 -43.637 8.752
1521.000 -247.382 109.202
1522.000 -212.476 51.268
1523.000 -239.900 63.004
1524.000 -69.114 -46.184
1525.000 -52.018 -11.374
1526.000 12.331 49.942
1527.000 96.271 -105.627
1528.000 -137.682 -5.691
1529.000 -102.808 -32.003
1530.000 -49.391 -90.775
1531.000 90.247 128.564
1532.000 68.393 27.312
1533.000 -76.352 21.068
1534.000 -61.162 68.578
1535.000 25.321 -4.706
1536.000 -27.438 -32.442
1537.000 47.762 82.174
1538.000 -148.157 70.381
1539.000 -87.677 121.519
1540.000 -171.502 63.827
1541.000 50.755 15.085
1542.000 53.996 -24.325
1543.000 20.643 -114.662
1544.000 91.337 -136.559
1545.000 152.550 80.415
1546.000 177.505 -54.730
1547.000 212.508 -43.496
1548.000 -24.595 -143.479
1549.000 -37.649 -127.856
1550.000 157.526 -8.820
1551.000 -30.850 -21.514
1552.000 -185.778 127.084
1553.000 -76.851 -219.562
1554.000 51.008 36.396
1555.000 -110.803 69.688
1556.000 4.852 -7.098
1557.000 -39.613 105.694
1558.000 -194.762 -2.197
1559.000 0.152 22.123
1560.000 -23.446 175.484
1561.000 -56.946 -131.717
1562.000 -123.953 3.069
1563.000 195.011 -114.187
1564.000 -44.992 -195.004
1565.000 -154.388 -33.052
1566.000 126.761 -303.389
1567.000 -13.498 -22.169
1568.000 131.086 -193.084
1569.000 -19.050 -32.637
1570.000 -31.946 -75.844
1571.000 8.916 105.545
1572.000 -51.904 44.908
1573.000 -59.092 77.177
1574.000 38.924 -103.201
1575.000 -150.299 148.021
1576.000 11.360 -56.391
1577.000 4.901 125.487
1578.000 -161.844 -125.888
1579.000 129.890 64.095
1580.000 112.946 22.587
1581.000 200.397 37.628
1582.000 6.383 -177.519
1583.000 -65.064 -111.762
1584.000 338.475 -56.794
1585.000 -87.754 24.912
1586.000 -86.792 171.492
1587.000 26.042 -16.579
1588.000 -91.588 18.774
1589.000 -21.121 -0.215
1590.000 -201.448 160.510
1591.000 -237.601 -21.496
1592.000 -113.534 -39.156
1593.000 24.253 89.152
1594.000 -25.964 -30.410
1595.000 118.801 161.734
1596.000 -5.776 -36.305
1597.000 55.976 -268.730
1598.000 -42.790 -115.590
1599.000 -95.244 -247.256
1600.000 -75.588 -88.916
1601.000 -46.244 -95.261
1602.000 211.047 -67.874
1603.000 -135.082 -177.227
1604.000 -116.457 47.171
1605.000 89.398 -91.563
1606.000 -127.900 235.042
1607.000 -9.358 182.889
1608.000 -294.500 -101.839
1609.000 -154.796 58.297
1610.000 9.130 -4.147
1611.000 -191.368 75.239
1612.000 18.344 -21.984
1613.000 24.857 -16.583
1614.000 -17.844 -168.058
1615.000 21.517 -213.152
1616.000 122.281 -256.479
1617.000 41.387 16.305
1618.000 132.376 -20.219
1619.000 93.765 8.842
1620.000 148.009 -34.963
1621.000 -69.802 17.057
1622.000 -29.664 -62.523
1623.000 -165.831 84.306
1624.000 -5.333 -59.780
1625.000 -137.006 6.117
1626.000 4.647 12.704
1627.000 -69.042 -32.101
1628.000 -37.987 -89.122
1629.000 24.138 3.557
1630.000 -52.075 -37.231
1631.000 -27.919 -65.471
1632.000 -12.724 -66.803
1633.000 -1.790 -58.574
1634.000 109.126 -108.026
1635.000 -4.333 -247.228
1636.000 -41.284 -12.676
1637.000 76.402 -204.908
1638.000 41.647 67.207
1639.000 -62.269 43.752
1640.000 185.587 -62.306
1641.000 -171.884 -36.242
1642.000 94.493 7.679
1643.000 -31.102 118.713
1644.000 59.073 116.392
1645.000 -51.059 172.163
1646.000 117.867 50.711
1647.000 -76.250 -133.715
1648.000 118.838 -150.739
1649.000 75.707 121.827
1650.000 142.659 66.574
1651.000 -0.953 -42.889
1652.000 77.053 98.407
1653.000 -61.522 -153.599
1654.000 -40.506 163.314
1655.000 -51.047 58.143
1656.000 -105.976 71.781
1657.000 -108.452 8.730
1658.000 -188.356 -106.406
1659.000 -77.438 83.645
1660.000 89.115 247.526
1661.000 243.790 -1.382
1662.000 -103.073 -58.886
1663.000 -73.038 -47.090
1664.000 57.105 -30.190
1665.000 90.775 -156.222
1666.000 -77.484 -3.572
1667.000 -175.706 -143.553
1668.000 75.106 61.054
1669.000 170.086 -197.548
1670.000 160.460 58.011
1671.000 -3.740 -82.133
1672.000 114.252 27.061
1673.000 -60.695 59.091
1674.000 -197.062 38.260
1675.000 -77.774 13.133
1676.000 40.184 167.664
1677.000 -40.950 -44.506
1678.000 -94.593 145.785
1679.000 -12.354 -223.640
1680.000 37.960 7.873
1681.000 39.312 -178.537
1682.000 72.811 -58.895
1683.000 90.872 -204.643
1684.000 162.764 -174.472
1685.000 64.166 -160.965
1686.000 23.175 -110.407
1687.000 55.967 -238.303
1688.000 57.823 9.754
1689.000 -197.151 -26.917
1690.000 72.422 -10.256
1691.000 113.551 69.984
1692.000 -60.176 -55.916
1693.000 -0.017 62.082
1694.000 -126.092 65.692
1695.000 30.753 130.603
1696.000 -101.297 93.903
1697.000 23.622 -42.446
1698.000 83.962 2.878
1699.000 -35.233 -24.388
1700.000 -56.648 -46.997
1701.000 22.481 -262.099
1702.000 -4.550 -158.783
1703.000 6.973 -28.255
1704.000 -88.811 -96.909
1705.000 107.840 -69.913
1706.000 -49.354 -59.064
1707.000 2.722 -45.156
1708.000 -217.961 57.133
1709.000 -120.756 197.474
1710.000 98.601 111.301
1711.000 -139.474 153.268
1712.000 -7.488 -87.755
1713.000 193.236 199.746
1714.000 6.132 50.533
1715.000 177.686 -144.014
1716.000 -45.353 -84.651
1717.000 7.052 32.709
1718.000 51.786 -118.341
1719.000 -1.430 -155.962
1720.000 74.435 -169.461
1721.000 -155.677 -43.005
1722.000 -105.619 101.576
1723.000 109.684 -3.808
1724.000 -28.310 -3.086
1725.000 -5.408 162.187
1726.000 107.168 45.938
1727.000 -234.317 80.637
1728.000 -349.144 -1.054
1729.000 142.087 -153.772
1730.000 -151.823 52.816
1731.000 15.226 -82.702
1732.000 -134.688 97.152
1733.000 -210.786 -167.457
1734.000 47.497 -189.866
1735.000 104.702 38.230
1736.000 -29.569 3.038
1737.000 -213.747 -101.726
1738.000 52.618 -96.519
1739.000 190.182 -81.447
1740.000 -194.508 83.024
1741.000 35.665 75.704
1742.000 -26.877 165.778
1743.000 -246.349 47.125
1744.000 40.951 27.792
1745.000 -32.305 -35.960
1746.000 -49.023 -30.149
1747.000 113.043 40.431
1748.000 10.667 -113.071
1749.000 156.214 -137.843
1750.000 307.283 -21.760
1751.000 77.741 -80.307
1752.000 103.441 -98.428
1753.000 -2.618 -111.717
1754.000 195.815 -135.695
1755.000 -98.334 -65.203
1756.000 -47.847 -44.489
1757.000 -23.896 120.821
1758.000 -54.994 101.445
1759.000 -121.976 -25.667
1760.000 30.307 -25.137
1761.000 -87.332 82.483
1762.000 -262.267 40.519
1763.000 84.671 160.000
1764.000 162.066 -91.982
1765.000 -44.634 27.250
1766.000 167.964 -154.444
1767.000 -4.214 18.747
1768.000 -39.586 -34.292
1769.000 -29.291 20.782
1770.000 221.562 -57.612
1771.000 181.970 18.417
1772.000 96.583 -5.790
1773.000 -95.622 0.049
1774.000 63.842 150.655
1775.000 -143.756 158.516
1776.000 13.732 187.478
1777.000 -110.113 123.974
1778.000 -111.256 38.852
1779.000 -97.466 -27.673
1780.000 -236.642 11.899
1781.000 -184.529 -86.440
1782.000 -1.816 -71.984
1783.000 -73.228 -16.119
1784.000 133.436 -51.637
1785.000 179.241 -46.958
1786.000 -91.277 -33.394
1787.000 -91.177 87.633
1788.000 30.114 -60.276
1789.000 223.243 -180.204
1790.000 -71.490 29.803
1791.000 35.119 73.588
1792.000 -199.146 103.502
1793.000 -138.830 296.561
1794.000 -6.711 -74.733
1795.000 -78.243 -17.791
1796.000 5.030 78.388
1797.000 -16.852 93.035
1798.000 -10.422 85.190
1799.000 9.370 146.584
1800.000 170.769 -93.320
1801.000 43.963 48.860
1802.000 146.994 -40.598
1803.000 37.070 97.129
1804.000 67.606 -105.860
1805.000 -61.445 -44.116
1806.000 -182.172 -52.862
1807.000 -36.335 -57.059
1808.000 -6.167 156.061
1809.000 -82.981 93.532
1810.000 5.086 178.458
1811.000 -136.058 206.404
1812.000 -194.293 52.807
1813.000 -193.449 137.488
1814.000 35.041 152.205
1815.000 -92.885 106.168
1816.000 12.454 148.307
1817.000 -108.913 39.473
1818.000 -37.680 -214.433
1819.000 57.127 81.924
1820.000 169.924 -270.543
1821.000 -49.967 37.071
1822.000 -101.097 100.504
1823.000 24.576 -135.466
1824.000 19.529 -123.964
1825.000 -61.306 73.925
1826.000 84.805 131.471
1827.000 -222.901 86.664
1828.000 -140.359 -53.541
1829.000 -56.861 238.564
1830.000 -135.568 125.669
1831.000 1.255 -91.303
1832.000 -11.559 118.256
1833.000 -14.936 -250.662
1834.000 272.178 42.530
1835.000 -51.061 -217.685
1836.000 32.495 13.459
1837.000 110.651 -8.595
1838.000 -18.534 85.195
1839.000 57.828 -1.848
1840.000 111.434 -51.144
1841.000 26.236 -113.076
1842.000 57.184 -63.817
1843.000 -73.671 152.786
1844.000 -76.048 85.271
1845.000 135.646 133.996
1846.000 -8.107 103.958
1847.000 50.487 -43.321
1848.000 -95.732 68.463
1849.000 -31.933 -15.432
1850.000 128.562 -184.589
1851.000 42.228 70.619
1852.000 -74.277 -83.103
1853.000 -29.338 -73.938
1854.000 56.836 18.970
1855.000 215.420 -61.910
1856.000 99.316 -40.673
1857.000 -48.406 160.778
1858.000 4.881 44.222
1859.000 -8.513 132.740
1860.000 -201.388 -217.712
1861.000 -51.227 73.799
1862.000 -89.847 125.938
1863.000 -68.624 41.926
1864.000 -133.900 203.350
1865.000 8.983 -52.884
1866.000 -49.391 86.999
1867.000 -63.243 -15.932
1868.000 220.404 -151.439
1869.000 14.549 -31.412
1870.000 -73.914 -76.249
1871.000 187.783 35.008
1872.000 201.703 -51.909
1873.000 -48.549 80.990
1874.000 -13.588 -101.465
1875.000 -9.725 -16.902
1876.000 -53.989 -173.825
1877.000 -171.296 128.329
1878.000 -154.658 -124.183
1879.000 160.375 212.582
1880.000 -113.317 73.783
1881.000 -96.412 -13.741
1882.000 49.791 110.261
1883.000 -55.338 54.431
1884.000 -52.210 -179.436
1885.000 -69.084 63.555
1886.000 105.740 170.407
1887.000 83.365 -221.238
1888.000 177.967 -23.119
1889.000 18.106 97.841
1890.000 178.639 -58.998
1891.000 45.449 -203.270
1892.000 -44.225 21.280
1893.000 32.919 119.857
1894.000 2.878 -33.974
1895.000 -18.168 -176.403
1896.000 -127.908 -118.163
1897.000 -61.052 -66.196
1898.000 -61.391 157.272
1899.000 47.107 -24.160
1900.000 122.659 -1.060
1901.000 99.594 49.625
1902.000 112.118 -222.617
1903.000 164.956 -59.832
1904.000 188.496 -85.967
1905.000 29.510 -43.665
1906.000 -53.261 -54.124
1907.000 66.850 -90.415
1908.000 183.705 -67.232
1909.000 -114.111 8.507
1910.000 -106.285 -43.232
1911.000 -23.321 201.662
1912.000 -98.574 189.316
1913.000 49.365 128.576
1914.000 -40.719 48.882
1915.000 44.721 42.561
1916.000 6.366 139.014
1917.000 37.523 40.887
1918.000 -98.682 -76.752
1919.000 -24.584 20.482
1920.000 -139.332 9.535
1921.000 -9.198 -4.286
1922.000 16.161 -144.067
1923.000 100.200 -150.283
1924.000 -61.648 -92.220
1925.000 212.993 -110.400
1926.000 136.122 -119.767
1927.000 -109.282 114.718
1928.000 -210.437 17.060
1929.000 -200.524 37.979
1930.000 -16.245 64.373
1931.000 -169.281 -135.331
1932.000 -65.624 120.944
1933.000 35.489 24.120
1934.000 38.763 -78.191
1935.000 95.379 -32.616
1936.000 -85.906 70.350
1937.000 125.724 -50.622
1938.000 139.769 97.252
1939.000 168.606 88.139
1940.000 150.998 116.198
1941.000 -71.518 22.599
1942.000 -206.349 60.559
1943.000 53.093 -165.037
1944.000 154.405 -10.288
1945.000 -101.195 151.523
1946.000 -116.102 115.616
1947.000 -27.210 -144.711
1948.000 64.878 47.508
1949.000 39.303 10.500
1950.000 -136.506 81.029
1951.000 -41.181 -22.245
1952.000 -31.914 -28.428
1953.000 102.806 -10.896
1954.000 138.010 -45.412
1955.000 -14.974 -5.677
1956.000 -4.622 -161.733
1957.000 100.125 -27.451
1958.000 36.955 5.381
1959.000 -36.441 -120.729
1960.000 -26.108 2.510
1961.000 57.832 147.957
1962.000 -56.583 87.590
1963.000 -47.281 102.376
1964.000 -119.392 -36.615
1965.000 18.764 218.579
1966.000 -83.326 -36.209
1967.000 10.692 51.668
1968.000 21.690 -30.447
1969.000 -12.003 -13.702
1970.000 -35.654 117.418
1971.000 57.260 47.710
1972.000 45.106 13.714
1973.000 180.368 27.537
1974.000 -10.821 117.020
1975.000 137.061 -266.793
1976.000 164.022 -160.603
1977.000 87.667 5.395
1978.000 74.781 -132.686
1979.000 -43.785 141.223
1980.000 13.035 35.735
1981.000 7.255 99.458
1982.000 -197.940 103.887
1983.000 -60.000 118.452
1984.000 -132.287 121.213
1985.000 -177.257 -64.032
1986.000 28.989 -79.508
1987.000 96.256 -24.629
1988.000 3.052 -28.222
1989.000 131.994 -92.341
1990.000 140.565 -171.058
1991.000 88.194 -195.948
1992.000 16.780 -14.964
1993.000 115.663 236.790
1994.000 203.418 144.520
1995.000 -199.244 35.177
1996.000 59.632 396.885
1997.000 -142.490 -36.430
1998.000 50.968 4.710
1999.000 67.308 23.963
2000.000 -63.172 100.390
2001.000 -50.059 227.694
2002.000 11.809 -60.746
2003.000 47.930 43.295
2004.000 36.784 200.801
2005.000 187.883 -230.560
2006.000 -72.150 14.211
2007.000 37.354 -57.395
2008.000 147.625 28.997
2009.000 41.256 -195.451
2010.000 27.023 136.515
2011.000 0.167 -43.583
2012.000 103.773 98.988
2013.000 59.105 80.564
2014.000 -156.788 19.038
2015.000 -144.828 184.913
2016.000 -71.205 -79.660
2017.000 -34.450 -138.656
2018.000 85.892 -21.556
2019.000 3.871 -82.804
2020.000 169.867 -70.591
2021.000 245.239 55.157
2022.000 -11.114 -49.835
2023.000 103.467 -13.882
2024.000 192.530 -13.080
2025.000 107.761 58.215
2026.000 106.334 11.737
2027.000 8.144 -41.160
2028.000 -22.716 -67.425
2029.000 31.252 -85.878
2030.000 91.421 93.366
2031.000 -127.139 112.163
2032.000 -43.082 -59.760
2033.000 152.579 -35.607
2034.000 -37.670 179.792
2035.000 14.406 5.811
2036.000 98.096 61.519
2037.000 97.599 -69.103
2038.000 45.515 -33.917
2039.000 56.387 -198.235
2040.000 241.517 122.268
2041.000 -2.311 -302.741
2042.000 -48.350 64.217
2043.000 185.946 -186.650
2044.000 182.843 -10.640
2045.000 -61.143 70.327
2046.000 102.065 -87.565
2047.000 31.826 29.285
2048.000 -29.083 1.020
2049.000 -13.496 96.644
2050.000 161.930 20.996
2051.000 61.229 -135.909
2052.000 61.772 113.649
2053.000 75.418 184.955
2054.000 -14.015 193.724
2055.000 35.039 150.561
2056.000 69.473 -7.371
2057.000 6.748 -49.994
2058.000 150.631 -60.530
2059.000 207.699 77.781
2060.000 70.675 -83.563
2061.000 -19.927 -151.361
2062.000 -38.439 -77.175
2063.000 178.434 63.928
2064.000 -58.710 94.870
2065.000 -136.065 175.441
2066.000 -169.377 28.538
2067.000 -66.573 67.555
2068.000 111.550 148.878
2069.000 130.996 80.803
2070.000 85.338 36.337
2071.000 -25.430 -23.826
2072.000 152.154 71.514
2073.000 67.180 -249.796
2074.000 158.399 -1.898
2075.000 318.225 95.295
2076.000 72.768 -58.664
2077.000 -53.283 33.559
2078.000 255.870 -44.410
2079.000 27.745 98.541
2080.000 4.155 31.658
2081.000 -160.649 108.139
2082.000 64.446 71.146
2083.000 88.574 160.768
2084.000 10.239 170.449
2085.000 103.577 51.610
2086.000 -29.427 -38.422
2087.000 165.691 -51.229
2088.000 130.408 -153.111
2089.000 250.523 -66.480
2090.000 -76.217 -17.276
2091.000 -23.381 -90.575
2092.000 193.818 102.239
2093.000 137.651 -81.920
2094.000 -4.016 -18.540
2095.000 79.297 74.997
2096.000 141.506 6.702
2097.000 140.945 123.358
2098.000 34.540 224.886
2099.000 3.725 131.298
2100.000 34.782 -18.389
2101.000 -15.639 153.376
2102.000 189.411 34.393
2103.000 -28.610 -60.956
2104.000 36.080 166.269
2105.000 37.324 37.347
2106.000 232.376 -84.374
2107.000 40.841 46.868
2108.000 193.209 -25.622
2109.000 101.857 -120.386
2110.000 57.021 24.776
2111.000 -119.099 -43.326
2112.000 65.363 -6.822
2113.000 217.699 221.346
2114.000 -41.512 72.881
2115.000 -283.756 73.887
2116.000 24.089 96.243
2117.000 -132.509 83.958
2118.000 -189.698 118.501
2119.000 -55.549 66.518
2120.000 -121.964 148.334
2121.000 136.588 176.545
2122.000 74.367 0.122
2123.000 135.633 -164.246
2124.000 26.895 -121.272
2125.000 90.227 -21.612
2126.000 46.980 12.723
2127.000 123.325 -142.384
2128.000 -140.503 74.126
2129.000 60.392 -84.826
2130.000 145.193 -211.967
2131.000 190.409 22.487
2132.000 84.035 100.803
2133.000 1.322 -35.030
2134.000 -190.494 -56.790
2135.000 -3.681 50.659
2136.000 -206.242 -3.427
2137.000 -84.063 147.791
2138.000 4.900 97.754
2139.000 20.498 65.494
2140.000 157.482 -135.373
2141.000 57.544 -139.274
2142.000 -29.992 -131.078
2143.000 50.382 138.889
2144.000 17.921 20.328
2145.000 189.653 -46.585
2146.000 -84.226 -3.451
2147.000 -7.606 -80.598
2148.000 111.066 29.106
2149.000 -85.513 142.623
2150.000 24.579 86.369
2151.000 -17.639 34.540
2152.000 -53.605 230.414
2153.000 -186.215 -5.525
2154.000 8.311 -12.094
2155.000 -26.531 -60.435
2156.000 75.641 211.408
2157.000 -77.457 4.111
2158.000 137.658 -129.301
2159.000 161.752 -26.353
2160.000 239.096 -26.280
2161.000 45.282 17.461
2162.000 11.508 163.113
2163.000 153.234 141.095
2164.000 -63.415 -131.322
2165.000 -66.259 213.449
2166.000 -30.223 108.725
2167.000 -126.785 235.136
2168.000 123.814 204.121
2169.000 77.224 38.874
2170.000 -226.936 96.838
2171.000 -208.190 195.346
2172.000 -38.382 22.612
2173.000 98.650 -44.115
2174.000 137.983 116.453
2175.000 227.929 -61.496
2176.000 126.151 -14.628
2177.000 -6.305 53.814
2178.000 137.480 64.027
2179.000 -32.902 -42.644
2180.000 -18.988 -28.582
2181.000 -117.535 29.582
2182.000 -68.976 68.227
2183.000 -60.531 7.205
2184.000 -69.448 -12.325
2185.000 158.309 74.764
2186.000 -7.887 -40.925
2187.000 26.356 68.476
2188.000 22.940 -75.177
2189.000 185.867 92.319
2190.000 -45.698 -101.011
2191.000 145.400 141.476
2192.000 1.676 4.616
2193.000 83.912 92.778
2194.000 150.186 -14.581
2195.000 -39.570 -72.916
2196.000 44.191 67.668
2197.000 65.136 8.525
2198.000 93.518 185.651
2199.000 -1.242 -109.784
2200.000 283.975 108.686
2201.000 176.277 109.176
2202.000 -238.853 292.161
2203.000 -5.526 39.094
2204.000 46.941 32.172
2205.000 41.550 102.843
2206.000 166.646 181.426
2207.000 -236.536 106.379
2208.000 -37.083 81.444
2209.000 241.579 -161.295
2210.000 219.438 -22.595
2211.000 329.337 -106.981
2212.000 261.000 -159.702
2213.000 -45.474 80.109
2214.000 168.078 -56.080
2215.000 14.726 -6.130
2216.000 41.924 -9.255
2217.000 7.386 207.828
2218.000 -58.827 211.732
2219.000 -69.545 182.078
2220.000 59.394 303.111
2221.000 -63.283 235.146
2222.000 28.462 250.443
2223.000 75.800 -143.685
2224.000 -3.932 68.099
2225.000 41.792 -233.185
2226.000 202.344 24.717
2227.000 -72.222 -97.706
2228.000 33.391 -47.688
2229.000 -38.288 29.394
2230.000 104.681 -248.387
2231.000 335.041 19.443
2232.000 -79.745 67.351
2233.000 144.103 117.108
2234.000 144.164 81.485
2235.000 -225.477 -20.778
2236.000 -152.788 264.080
2237.000 -19.535 89.220
2238.000 -107.173 117.928
2239.000 35.103 281.057
2240.000 164.138 -108.482
2241.000 120.017 -35.087
2242.000 50.686 92.416
2243.000 143.839 3.015
2244.000 132.792 -42.878
2245.000 -26.348 62.455
2246.000 34.821 -126.397
2247.000 129.225 -35.427
2248.000 57.322 4.985
2249.000 74.737 -84.323
2250.000 109.557 78.187
2251.000 -240.483 76.491
2252.000 135.661 -134.654
2253.000 -210.049 154.591
2254.000 -17.034 -34.517
2255.000 5.942 109.582
2256.000 -8.466 63.520
2257.000 45.172 -53.953
2258.000 -8.006 -35.108
2259.000 -3.888 -137.272
2260.000 75.501 34.786
2261.000 113.775 60.420
2262.000 30.522 45.705
2263.000 126.039 -68.760
2264.000 -5.160 -172.010
2265.000 4.162 -41.280
2266.000 17.016 -71.341
2267.000 63.711 148.744
2268.000 -31.314 29.787
2269.000 24.881 -72.829
2270.000 139.942 128.301
2271.000 -67.901 -34.701
2272.000 118.960 49.748
2273.000 -127.811 198.166
2274.000 89.260 189.490
2275.000 27.381 9.774
2276.000 278.347 -117.401
2277.000 33.279 -52.426
2278.000 11.494 -10.934
2279.000 202.810 46.566
2280.000 133.259 -111.713
2281.000 87.074 108.084
2282.000 -180.300 -53.621
2283.000 79.060 -13.699
2284.000 6.652 -17.566
2285.000 6.672 13.167
2286.000 -93.908 276.073
2287.000 107.620 198.432
2288.000 -23.283 51.767
2289.000 -37.426 155.700
2290.000 -153.180 -15.503
2291.000 2.741 -132.408
2292.000 -64.984 65.020
2293.000 201.930 274.087
2294.000 106.875 -35.307
2295.000 32.083 -48.791
2296.000 77.151 -177.080
2297.000 235.058 -157.696
2298.000 91.429 -13.568
2299.000 57.672 -7.749
2300.000 223.100 -11.554
2301.000 52.579 14.786
2302.000 86.786 55.785
2303.000 -52.836 102.116
2304.000 -62.427 170.296
2305.000 61.287 180.888
2306.000 -18.867 128.892
2307.000 37.407 -44.969
2308.000 15.104 -140.834
2309.000 43.636 148.476
2310.000 50.930 60.899
2311.000 -50.573 28.191
2312.000 221.849 -133.310
2313.000 34.346 54.956
2314.000 -30.691 -10.619
2315.000 84.409 29.636
2316.000 -7.661 -72.008
2317.000 162.636 -34.569
2318.000 78.741 27.171
2319.000 -63.279 145.649
2320.000 -107.176 236.141
2321.000 38.894 35.764
2322.000 -93.961 145.881
2323.000 -152.501 124.439
2324.000 -165.925 237.343
2325.000 90.970 -2.660
2326.000 -113.628 147.635
2327.000 -54.801 -5.404
2328.000 148.752 80.927
2329.000 170.565 -20.355
2330.000 -24.248 97.655
2331.000 26.389 -69.902
2332.000 172.397 129.818
2333.000 77.631 -72.084
2334.000 -11.306 143.052
2335.000 24.733 -70.535
2336.000 35.550 161.909
2337.000 -130.424 -52.571
2338.000 -128.948 59.632
2339.000 85.149 205.532
2340.000 158.344 106.055
2341.000 89.225 -110.763
2342.000 0.193 89.065
2343.000 -26.751 176.321
2344.000 67.893 93.376
2345.000 184.174 -78.246
2346.000 215.684 -12.519
2347.000 91.675 123.828
2348.000 127.617 110.426
2349.000 -69.348 -189.874
2350.000 43.204 113.389
2351.000 181.082 -170.862
2352.000 -0.978 -117.084
2353.000 39.380 65.305
2354.000 69.409 -19.915
2355.000 54.599 203.658
2356.000 -16.389 92.831
2357.000 -73.355 -52.560
2358.000 -217.808 145.944
2359.000 -97.370 -141.658
2360.000 9.594 78.841
2361.000 132.753 61.215
2362.000 98.327 19.369
2363.000 202.733 283.359
2364.000 -30.596 -84.845
2365.000 -91.676 -164.609
2366.000 133.262 55.364
2367.000 232.777 -56.828
2368.000 53.179 -14.337
2369.000 -43.210 -115.465
2370.000 80.562 10.417
2371.000 118.442 57.019
2372.000 -150.356 -94.817
2373.000 -62.340 184.238
2374.000 81.603 -43.363
2375.000 21.269 36.720
2376.000 -62.813 66.541
2377.000 9.022 64.707
2378.000 -28.696 211.094
2379.000 -69.421 -68.565
2380.000 118.033 5.441
2381.000 -39.648 11.729
2382.000 72.263 15.352
2383.000 -21.983 -276.127
2384.000 95.904 -0.160
2385.000 -4.539 3.864
2386.000 -16.870 -39.704
2387.000 -164.299 87.715
2388.000 -1.748 140.490
2389.000 -75.835 103.370
2390.000 -110.799 133.714
2391.000 19.196 53.492
2392.000 83.034 -61.964
2393.000 180.590 240.253
2394.000 54.075 -71.210
2395.000 78.773 2.201
2396.000 -20.863 8.771
2397.000 15.911 -151.452
2398.000 201.820 -37.464
2399.000 36.288 9.132
2400.000 248.817 6.261
2401.000 -72.605 -8.071
2402.000 13.970 80.140
2403.000 -10.938 -106.929
2404.000 -77.810 126.311
2405.000 -55.196 170.232
2406.000 -50.629 62.941
2407.000 -13.266 -30.528
2408.000 -29.688 -45.147
2409.000 98.050 48.658
2410.000 263.504 -41.263
2411.000 111.558 133.516
2412.000 97.935 -148.647
2413.000 -23.364 -53.663
2414.000 31.561 -171.835
2415.000 -80.514 31.997
2416.000 131.861 72.030
2417.000 -76.708 33.967
2418.000 120.827 69.055
2419.000 -44.301 75.530
2420.000 45.188 37.291
2421.000 42.030 99.514
2422.000 -212.150 94.484
2423.000 -110.051 91.573
2424.000 6.405 52.533
2425.000 27.435 192.725
2426.000 74.981 -18.662
2427.000 -18.994 84.482
2428.000 28.183 253.884
2429.000 236.687 -222.592
2430.000 95.008 84.592
2431.000 167.732 -135.118
2432.000 61.935 71.144
2433.000 -67.435 -268.038
2434.000 117.094 38.583
2435.000 106.718 -121.636
2436.000 124.791 -17.782
2437.000 -81.487 124.837
2438.000 -81.622 132.911
2439.000 -241.145 167.697
2440.000 24.033 106.713
2441.000 50.421 1.820
2442.000 -89.294 89.405
2443.000 -50.687 30.114
2444.000 -7.948 152.103
2445.000 194.531 156.302
2446.000 146.925 -84.528
2447.000 187.144 59.890
2448.000 68.822 -36.442
2449.000 41.935 5.177
2450.000 191.209 92.407
2451.000 -97.412 102.959
2452.000 101.195 -85.031
2453.000 -101.762 97.677
2454.000 84.677 130.468
2455.000 37.638 92.667
2456.000 -116.158 115.317
2457.000 -12.445 183.982
2458.000 -146.623 6.673
2459.000 -129.096 212.298
2460.000 -48.038 46.492
2461.000 -64.684 64.684
2462.000 132.096 -65.906
2463.000 262.653 15.804
2464.000 71.130 -15.775
2465.000 80.677 -47.695
2466.000 158.440 -211.885
2467.000 46.540 42.413
2468.000 110.802 -126.502
2469.000 -140.606 -30.972
2470.000 -43.630 54.207
2471.000 -150.421 -8.029
2472.000 -206.749 -21.899
2473.000 65.381 143.256
2474.000 -66.942 -62.728
2475.000 121.174 82.898
2476.000 123.606 48.067
2477.000 -17.517 74.864
2478.000 -32.634 -29.771
2479.000 -44.660 -48.460
2480.000 -192.339 76.680
2481.000 15.063 107.485
2482.000 51.579 -113.505
2483.000 14.437 19.514
2484.000 -20.737 17.367
2485.000 55.037 99.472
2486.000 8.269 174.310
2487.000 37.127 30.305
2488.000 -97.009 51.134
2489.000 170.347 9.712
2490.000 22.427 152.227
2491.000 -54.784 127.610
2492.000 -115.793 65.891
2493.000 -125.515 1.830
2494.000 65.714 9.376
2495.000 -33.886 -157.356
2496.000 33.859 -241.943
2497.000 91.003 -50.650
2498.000 12.258 -96.813
2499.000 102.570 4.600
2500.000 -105.918 -19.652
2501.000 -21.776 -99.803
2502.000 -131.327 -46.159
2503.000 2.200 -61.170
2504.000 -20.978 126.319
2505.000 174.833 78.032
2506.000 -98.407 60.040
2507.000 -19.828 172.445
2508.000 0.285 222.217
2509.000 99.126 172.369
2510.000 14.074 94.754
2511.000 58.641 77.869
2512.000 183.105 -8.034
2513.000 -140.813 14.698
2514.000 -10.758 -7.309
2515.000 25.962 -68.286
2516.000 67.473 -29.470
2517.000 13.452 -24.230
2518.000 177.924 53.508
2519.000 -3.203 -27.459
2520.000 -24.832 86.592
2521.000 64.647 120.006
2522.000 -77.182 -117.112
2523.000 -127.462 82.892
2524.000 -167.075 16.202
2525.000 -57.474 29.833
2526.000 58.409 -149.169
2527.000 45.135 202.794
2528.000 26.229 77.314
2529.000 13.448 40.131
2530.000 -31.817 56.624
2531.000 34.795 52.632
2532.000 -61.215 -31.924
2533.000 87.091 -154.716
2534.000 174.016 -80.872
2535.000 -93.024 -280.151
2536.000 187.922 -234.034
2537.000 -177.589 -54.014
2538.000 -61.163 88.460
2539.000 -113.201 -80.717
2540.000 -96.723 -10.887
2541.000 -74.583 80.620
2542.000 79.045 175.472
2543.000 -145.533 148.492
2544.000 -128.527 118.902
2545.000 -94.678 44.701
2546.000 -55.563 -27.330
2547.000 -42.549 71.282
2548.000 -90.943 245.556
2549.000 84.019 -98.034
2550.000 55.658 30.229
2551.000 170.874 -11.743
2552.000 189.763 -280.041
2553.000 -101.799 -77.170
2554.000 192.800 -126.184
2555.000 65.216 64.830
2556.000 118.857 -99.150
2557.000 -36.041 111.130
2558.000 23.760 22.978
2559.000 8.523 54.102
2560.000 87.530 229.038
2561.000 -98.546 279.643
2562.000 -82.048 -42.650
2563.000 -26.822 -107.216
2564.000 155.590 6.303
2565.000 193.783 120.409
2566.000 -53.193 -106.583
2567.000 122.540 15.574
2568.000 68.983 -85.954
2569.000 43.426 -186.105
2570.000 108.272 5.254
2571.000 222.259 -172.423
2572.000 74.055 -94.918
2573.000 -52.204 55.155
2574.000 -88.377 -35.438
2575.000 11.155 88.039
2576.000 -19.903 67.006
2577.000 68.575 104.722
2578.000 104.423 70.724
2579.000 5.972 270.550
2580.000 62.113 148.620
2581.000 190.667 32.868
2582.000 174.093 43.510
2583.000 -28.902 -15.886
2584.000 -71.208 -73.216
2585.000 -61.794 -23.672
2586.000 -106.192 -3.369
2587.000 95.404 -84.373
2588.000 -86.987 -78.837
2589.000 84.822 58.882
2590.000 -87.443 -27.967
2591.000 70.766 -31.624
2592.000 24.527 -32.558
2593.000 -29.880 100.383
2594.000 0.522 26.851
2595.000 -165.010 3.382
2596.000 -267.409 148.766
2597.000 -56.623 -218.950
2598.000 64.235 -175.452
2599.000 -90.360 26.923
2600.000 122.084 -57.228
2601.000 126.991 -33.536
2602.000 81.642 26.046
2603.000 90.375 -144.713
2604.000 42.164 -25.574
2605.000 47.177 0.023
2606.000 -115.941 -96.195
2607.000 94.708 -68.313
2608.000 4.266 44.397
2609.000 9.582 139.708
2610.000 -126.290 162.112
2611.000 -198.937 91.234
2612.000 82.085 85.051
2613.000 -173.330 22.745
2614.000 -38.806 -97.330
2615.000 5.180 -78.562
2616.000 62.131 -169.440
2617.000 86.606 64.997
2618.000 62.558 -40.079
2619.000 -75.991 -179.873
2620.000 34.276 27.993
2621.000 40.282 -36.563
2622.000 84.657 5.807
2623.000 33.165 134.962
2624.000 100.983 132.946
2625.000 52.313 -41.194
2626.000 -173.438 118.933
2627.000 -46.031 176.577
2628.000 -7.349 217.460
2629.000 -93.282 -8.493
2630.000 124.259 78.071
2631.000 -61.666 -122.746
2632.000 -113.927 59.728
2633.000 -141.490 -96.654
2634.000 6.318 -140.519
2635.000 17.198 12.911
2636.000 28.799 -175.092
2637.000 -159.757 152.285
2638.000 50.214 11.688
2639.000 146.095 76.288
2640.000 -54.652 -96.319
2641.000 48.684 15.809
2642.000 -92.589 362.386
2643.000 -126.745 -15.222
2644.000 83.681 128.867
2645.000 23.178 198.448
2646.000 48.560 181.667
2647.000 209.655 163.986
2648.000 -3.075 38.732
2649.000 17.444 -26.009
2650.000 54.577 -128.141
2651.000 201.232 105.999
2652.000 162.757 82.949
2653.000 -18.132 -103.001
2654.000 -16.448 -125.442
2655.000 90.648 -38.614
2656.000 85.568 8.056
2657.000 60.417 -39.081
2658.000 46.525 121.725
2659.000 -46.823 -17.524
2660.000 19.891 94.938
2661.000 15.781 -5.298
2662.000 -137.054 26.342
2663.000 -164.349 -0.739
2664.000 0.784 159.151
2665.000 -43.676 -132.488
2666.000 -124.651 74.122
2667.000 117.459 37.469
2668.000 99.038 -20.529
2669.000 206.873 -33.812
2670.000 64.832 5.693
2671.000 72.498 78.583
2672.000 -92.292 133.229
2673.000 174.816 -246.584
2674.000 73.867 -98.987
2675.000 79.668 103.957
2676.000 -54.099 97.178
2677.000 -49.202 86.697
2678.000 -17.569 83.160
2679.000 -125.256 111.332
2680.000 -118.329 -24.263
2681.000 174.615 114.604
2682.000 29.119 52.070
2683.000 -52.276 55.985
2684.000 -104.992 -94.389
2685.000 -63.761 72.630
2686.000 97.393 81.124
2687.000 -28.662 -119.359
2688.000 -46.642 81.124
2689.000 27.903 -28.667
2690.000 66.536 45.967
2691.000 137.408 19.189
2692.000 -95.104 63.537
2693.000 -102.019 -8.447
2694.000 -9.402 43.631
2695.000 -101.830 33.372
2696.000 31.534 141.210
2697.000 -90.045 21.444
2698.000 -160.835 -80.947
2699.000 -78.929 -65.025
2700.000 -141.335 51.047
2701.000 -18.249 18.301
2702.000 99.786 -174.480
2703.000 67.391 -61.091
2704.000 53.266 -288.687
2705.000 -68.279 15.314
2706.000 -29.135 156.996
2707.000 -10.473 91.123
2708.000 31.498 84.698
2709.000 237.692 19.243
2710.000 -103.117 -121.092
2711.000 45.623 166.469
2712.000 -170.939 114.066
2713.000 -158.225 20.332
2714.000 -242.925 -240.515
2715.000 -108.379 -92.466
2716.000 94.306 -31.681
2717.000 9.531 -0.007
2718.000 154.399 -82.082
2719.000 -0.717 -101.731
2720.000 166.277 -84.040
2721.000 6.773 15.464
2722.000 145.741 -23.990
2723.000 207.640 -115.259
2724.000 2.956 -67.482
2725.000 -130.801 -14.350
2726.000 166.215 87.401
2727.000 -123.746 -16.160
2728.000 -107.238 342.700
2729.000 -88.729 0.525
2730.000 34.818 -60.026
2731.000 21.148 19.426
2732.000 33.444 33.218
2733.000 -39.345 109.101
2734.000 -9.421 30.385
2735.000 113.017 -14.093
2736.000 214.377 -147.928
2737.000 -66.489 -133.780
2738.000 186.596 -8.043
2739.000 152.705 71.859
2740.000 109.779 -220.344
2741.000 -44.218 -78.406
2742.000 14.115 23.757
2743.000 21.449 23.956
2744.000 -100.640 -30.621
2745.000 67.733 59.868
2746.000 -103.906 -104.262
2747.000 98.201 -5.183
2748.000 -196.273 291.405
2749.000 -168.334 -171.719
2750.000 -200.254 -57.938
2751.000 82.444 45.075
2752.000 -58.619 81.859
2753.000 -33.492 170.336
2754.000 150.459 94.316
2755.000 235.654 57.041
2756.000 -18.881 -163.232
2757.000 180.334 155.403
2758.000 79.310 52.698
2759.000 2.197 -98.995
2760.000 -138.154 -50.283
2761.000 -178.792 182.889
2762.000 -45.530 36.094
2763.000 -45.558 91.989
2764.000 -127.059 -94.319
2765.000 -148.023 -19.990
2766.000 -165.016 114.350
2767.000 22.508 -5.521
2768.000 76.575 -195.013
2769.000 101.894 -152.622
2770.000 108.171 -79.119
2771.000 2.924 -148.364
2772.000 220.117 -127.328
2773.000 -46.155 -56.928
2774.000 99.075 -42.028
2775.000 -16.534 113.858
2776.000 -109.593 117.347
2777.000 -84.321 121.879
2778.000 15.754 -47.283
2779.000 55.847 88.756
2780.000 -27.785 0.582
2781.000 -352.325 234.132
2782.000 23.699 -35.065
2783.000 -246.867 14.001
2784.000 178.855 79.978
2785.000 29.839 -27.597
2786.000 43.533 -158.815
2787.000 146.110 -114.346
2788.000 27.724 132.239
2789.000 33.067 -16.923
2790.000 15.264 -14.868
2791.000 53.604 52.039
2792.000 30.712 38.693
2793.000 23.675 -196.540
2794.000 -354.155 49.085
2795.000 -49.897 -121.093
2796.000 -214.362 189.655
2797.000 211.637 128.148
2798.000 19.506 5.678
2799.000 42.176 29.637
2800.000 12.014 -124.478
2801.000 51.806 -150.734
2802.000 -83.360 -19.999
2803.000 106.263 97.303
2804.000 130.020 -207.329
2805.000 72.732 -34.490
2806.000 134.925 -62.529
2807.000 158.652 -37.116
2808.000 41.197 32.315
2809.000 -90.583 58.797
2810.000 82.182 27.948
2811.000 131.245 13.440
2812.000 -160.748 99.021
2813.000 61.612 35.047
2814.000 -35.880 146.626
2815.000 0.889 93.955
2816.000 32.979 -98.399
2817.000 -142.478 -5.928
2818.000 13.265 153.781
2819.000 108.416 -8.669
2820.000 169.687 -17.200
2821.000 131.263 -131.938
2822.000 -39.161 -59.564
2823.000 77.627 -20.746
2824.000 27.157 -75.339
2825.000 45.778 49.696
2826.000 132.421 -102.394
2827.000 -140.339 53.162
2828.000 30.033 59.233
2829.000 3.193 15.249
2830.000 -152.997 -6.682
2831.000 50.531 32.599
2832.000 -120.132 93.372
2833.000 -47.762 98.328
2834.000 -296.400 272.851
2835.000 96.247 10.093
2836.000 -22.362 101.844
2837.000 -4.918 -28.486
2838.000 190.043 125.649
2839.000 -140.268 -12.682
2840.000 143.911 -105.434
2841.000 157.339 -19.658
2842.000 -161.497 116.401
2843.000 46.726 -64.640
2844.000 -39.593 4.276
2845.000 -128.903 170.309
2846.000 -172.275 30.890
2847.000 16.592 -85.089
2848.000 54.551 -13.700
2849.000 -175.132 8.491
2850.000 -148.538 23.738
2851.000 45.331 100.755
2852.000 226.626 -37.908
2853.000 -152.343 -15.211
2854.000 -121.931 -139.016
2855.000 -67.856 -75.580
2856.000 -55.755 13.541
2857.000 173.609 119.845
2858.000 -53.812 -281.580
2859.000 265.453 -182.776
2860.000 66.616 32.328
2861.000 101.937 -61.902
2862.000 40.356 -130.868
2863.000 -148.926 -48.346
2864.000 -200.247 144.081
2865.000 32.587 95.884
2866.000 61.783 63.294
2867.000 -9.590 72.786
2868.000 -37.548 233.490
2869.000 -7.441 18.856
2870.000 27.236 -11.431
2871.000 -113.811 -16.834
2872.000 48.103 88.205
2873.000 52.615 -123.869
2874.000 -127.898 25.782
2875.000 -227.671 16.509
2876.000 10.651 -61.655
2877.000 -191.861 13.967
2878.000 -244.811 -68.690
2879.000 -203.233 113.266
2880.000 -24.528 27.831
2881.000 -62.986 -19.235
2882.000 -57.189 172.873
2883.000 110.889 63.701
2884.000 -1.312 15.130
2885.000 119.731 -74.889
2886.000 0.215 -22.693
2887.000 112.822 59.599
2888.000 185.227 -74.630
2889.000 245.210 -126.212
2890.000 27.860 -14.169
2891.000 -71.142 -84.991
2892.000 53.909 163.022
2893.000 175.616 -200.915
2894.000 180.214 13.338
2895.000 8.605 153.505
2896.000 12.105 -15.042
2897.000 118.914 -117.943
2898.000 -41.698 15.849
2899.000 3.027 -54.520
2900.000 30.067 -8.569
2901.000 -79.802 67.885
2902.000 -129.359 -61.607
2903.000 234.904 145.761
2904.000 -59.513 91.601
2905.000 -88.491 58.489
2906.000 12.009 -93.242
2907.000 65.754 -137.424
2908.000 82.599 -147.180
2909.000 13.278 -102.372
2910.000 86.398 4.603
2911.000 194.124 32.645
2912.000 -39.723 151.929
2913.000 -22.860 -158.115
2914.000 98.222 197.882
2915.000 -164.876 182.267
2916.000 -191.228 8.892
2917.000 -138.383 69.277
2918.000 -68.846 121.969
2919.000 51.505 69.518
2920.000 -191.477 72.488
2921.000 -69.357 161.365
2922.000 -94.551 -43.916
2923.000 -126.947 -45.786
2924.000 -85.111 -306.697
2925.000 129.508 -81.935
2926.000 56.952 -157.144
2927.000 50.125 -304.930
2928.000 79.617 140.681
2929.000 39.468 65.668
2930.000 16.703 -121.715
2931.000 151.476 -24.685
2932.000 8.764 115.103
2933.000 -351.828 -129.405
2934.000 -7.474 -57.045
2935.000 43.100 46.266
2936.000 9.357 -10.276
2937.000 -84.915 53.832
2938.000 -107.910 -75.672
2939.000 24.985 224.920
2940.000 107.920 -139.788
2941.000 138.344 -191.001
2942.000 -141.993 -4.519
2943.000 80.310 85.990
2944.000 166.361 -180.630
2945.000 94.711 -84.922
2946.000 258.809 35.046
2947.000 -102.144 141.097
2948.000 -175.205 52.879
2949.000 29.696 116.710
2950.000 87.736 -117.133
2951.000 -173.766 -94.152
2952.000 -54.218 -36.666
2953.000 -18.430 6.971
2954.000 20.752 -38.611
2955.000 130.133 17.392
2956.000 264.615 -81.694
2957.000 -23.282 -147.759
2958.000 14.545 2.208
2959.000 -106.625 81.557
2960.000 125.660 -33.274
2961.000 -85.571 -104.792
2962.000 26.747 -99.342
2963.000 40.376 -24.021
2964.000 108.891 56.958
2965.000 -54.332 -78.339
2966.000 -113.710 10.208
2967.000 -136.451 66.570
2968.000 33.504 63.775
2969.000 -95.530 -3.977
2970.000 -38.026 57.087
2971.000 55.427 -13.334
2972.000 133.224 -131.965
2973.000 139.229 11.162
2974.000 -110.531 14.088
2975.000 -66.958 16.695
2976.000 86.353 26.807
2977.000 103.814 -24.109
2978.000 60.019 -101.766
2979.000 148.938 -37.178
2980.000 151.758 3.224
2981.000 -37.851 -5.116
2982.000 -30.543 98.904
2983.000 49.863 -71.442
2984.000 20.163 123.356
2985.000 -173.267 52.493
2986.000 -194.693 15.373
2987.000 -227.787 -32.868
2988.000 -25.838 -140.768
2989.000 -63.883 -73.173
2990.000 -52.390 -39.321
2991.000 -124.568 32.054
2992.000 39.411 -124.827
2993.000 -108.813 118.183
2994.000 -78.879 -108.092
2995.000 -7.432 -134.447
2996.000 59.132 -129.858
2997.000 -6.963 -142.395
2998.000 38.543 8.061
2999.000 -58.499 3.379
3000.000 -109.356 118.022
3001.000 -106.503 65.155
3002.000 -164.347 63.904
3003.000 -60.052 27.533
3004.000 73.491 -16.258
3005.000 48.278 164.699
3006.000 68.532 28.316
3007.000 53.983 -71.198
3008.000 55.858 -29.413
3009.000 53.062 -166.899
3010.000 -63.998 24.277
3011.000 -73.798 -246.789
3012.000 -68.852 12.535
3013.000 104.410 -62.532
3014.000 -76.334 130.686
3015.000 30.130 41.367
3016.000 -169.215 98.232
3017.000 -95.046 -88.607
3018.000 -173.148 -18.412
3019.000 -2.975 92.820
3020.000 135.895 -1.371
3021.000 -173.642 17.757
3022.000 1.826 239.749
3023.000 -89.385 -131.886
3024.000 87.525 -140.501
3025.000 202.425 -121.716
3026.000 -9.965 -117.940
3027.000 147.862 -56.269
3028.000 29.555 -126.836
3029.000 -44.725 -56.084
3030.000 -28.440 -109.728
3031.000 107.884 -42.408
3032.000 11.291 101.067
3033.000 -58.703 -15.219
3034.000 -81.764 -53.446
3035.000 -134.389 130.216
3036.000 -3.791 14.890
3037.000 158.215 62.184
3038.000 -62.215 6.742
3039.000 -130.591 19.238
3040.000 35.973 -52.832
3041.000 72.620 -48.920
3042.000 144.943 -35.767
3043.000 -77.873 -145.141
3044.000 78.392 169.068
3045.000 -43.661 -155.278
3046.000 171.073 11.421
3047.000 89.302 -16.649
3048.000 -28.870 -42.862
3049.000 -155.455 -17.763
3050.000 144.293 112.385
3051.000 -79.336 191.365
3052.000 21.604 -91.033
3053.000 -265.973 276.477
3054.000 -47.139 93.102
3055.000 34.482 -65.582
3056.000 -245.976 140.570
3057.000 25.130 63.886
3058.000 148.037 -89.826
3059.000 -115.569 178.399
3060.000 32.172 -76.389
3061.000 12.580 13.526
3062.000 -21.364 -100.801
3063.000 -33.649 -144.162
3064.000 -79.572 63.832
3065.000 -88.110 45.686
3066.000 -38.121 277.867
3067.000 -42.922 185.859
3068.000 -200.713 90.293
3069.000 -132.997 149.370
3070.000 -60.414 185.280
3071.000 60.027 90.108
3072.000 76.737 78.981
3073.000 -28.418 -95.078
3074.000 7.937 -55.274
3075.000 -126.428 -91.581
3076.000 41.743 11.996
3077.000 -146.744 -164.639
3078.000 8.348 -143.495
3079.000 -90.519 26.622
3080.000 -47.674 105.890
3081.000 24.941 -98.590
3082.000 10.286 -25.391
3083.000 94.578 61.855
3084.000 -29.623 36.787
3085.000 -117.663 133.589
3086.000 -8.456 137.157
3087.000 -240.895 -82.176
3088.000 106.413 -93.403
3089.000 -263.483 78.845
3090.000 39.468 185.292
3091.000 49.329 17.802
3092.000 -43.529 -182.997
3093.000 -12.999 -149.072
3094.000 -107.532 -59.548
3095.000 56.433 -34.706
3096.000 94.596 -47.282
3097.000 -26.947 62.899
3098.000 52.048 -24.433
3099.000 56.359 -137.264
3100.000 -111.427 71.099
3101.000 32.169 -189.668
3102.000 -21.359 -89.600
3103.000 -66.763 -122.250
3104.000 4.282 -113.276
3105.000 -32.639 303.688
3106.000 -120.853 34.731
3107.000 -92.444 -176.970
3108.000 16.767 86.353
3109.000 125.844 -63.782
3110.000 49.929 -52.387
3111.000 3.258 49.291
3112.000 49.626 -165.012
3113.000 -77.398 -79.528
3114.000 142.314 -156.237
3115.000 150.983 -56.205
3116.000 154.664 21.937
3117.000 54.591 -11.532
3118.000 -121.124 4.653
3119.000 -80.691 17.485
3120.000 -114.285 -25.503
3121.000 -30.577 -8.360
3122.000 69.930 15.589
3123.000 -293.622 -34.045
3124.000 12.155 -38.894
3125.000 18.079 -71.152
3126.000 41.939 39.237
3127.000 96.991 -2.095
3128.000 -45.367 -145.129
3129.000 137.703 8.416
3130.000 70.779 20.934
3131.000 5.708 -53.299
3132.000 9.796 20.508
3133.000 -56.662 -139.210
3134.000 -26.506 -152.590
3135.000 3.298 8.230
3136.000 -196.455 119.141
3137.000 -110.165 179.749
3138.000 -121.129 83.257
3139.000 -68.959 -37.240
3140.000 -77.950 -115.494
3141.000 -204.727 53.134
3142.000 38.725 -39.247
3143.000 131.930 3.154
3144.000 -39.225 -51.447
3145.000 57.154 -122.187
3146.000 -24.879 -271.351
3147.000 58.326 -247.249
3148.000 4.820 -90.712
3149.000 116.591 -146.790
3150.000 -69.010 -48.454
3151.000 28.222 27.606
3152.000 -126.171 74.016
3153.000 -122.211 -130.908
3154.000 -64.705 11.333
3155.000 -236.454 50.758
3156.000 -153.315 208.142
3157.000 32.669 -20.118
3158.000 -97.563 -228.678
3159.000 -141.240 -181.329
3160.000 -129.419 88.556
3161.000 38.056 -205.973
3162.000 -15.047 -47.840
3163.000 48.264 -126.038
3164.000 -240.170 -166.966
3165.000 -54.424 -151.139
3166.000 -70.849 40.257
3167.000 60.020 -140.143
3168.000 50.702 201.041
3169.000 9.537 -132.123
3170.000 -269.872 82.116
3171.000 7.045 86.117
3172.000 43.487 -16.884
3173.000 -146.532 -107.728
3174.000 -23.882 137.885
3175.000 10.894 -1.506
3176.000 -50.605 -134.034
3177.000 24.396 44.585
3178.000 -52.025 -157.274
3179.000 54.680 -60.314
3180.000 28.933 -195.046
3181.000 63.315 80.376
3182.000 212.918 -144.437
3183.000 -99.347 159.317
3184.000 102.610 -39.530
3185.000 -27.691 -65.224
3186.000 -54.631 -139.656
3187.000 -280.920 74.601
3188.000 20.382 72.639
3189.000 -191.031 105.932
3190.000 -160.518 53.151
3191.000 -77.561 0.455
3192.000 -62.550 -209.343
3193.000 -94.319 -55.021
3194.000 158.084 25.992
3195.000 96.947 96.140
3196.000 281.808 1.810
3197.000 -30.013 -24.649
3198.000 -39.369 -90.291
3199.000 223.557 -106.083
3200.000 -117.545 -333.891
3201.000 16.028 60.822
3202.000 -63.814 59.197
3203.000 -78.311 42.779
3204.000 -207.537 -2.549
3205.000 -140.631 118.421
3206.000 124.481 66.601
3207.000 -45.951 -32.908
3208.000 105.040 -24.380
3209.000 -88.600 -11.377
3210.000 10.449 -40.845
3211.000 82.645 -242.291
3212.000 98.006 -48.432
3213.000 26.563 -122.604
3214.000 55.368 15.108
3215.000 152.749 148.136
3216.000 62.925 -300.684
3217.000 -164.483 57.882
3218.000 -69.777 -74.791
3219.000 -141.104 -79.582
3220.000 -219.021 -61.735
3221.000 17.202 54.316
3222.000 36.846 83.278
3223.000 -146.167 289.992
3224.000 -91.663 -29.550
3225.000 153.890 -79.735
3226.000 -39.598 -195.940
3227.000 -10.485 -112.539
3228.000 50.306 -35.764
3229.000 166.280 -289.375
3230.000 96.894 -188.588
3231.000 156.896 -98.068
3232.000 -52.074 -187.991
3233.000 118.271 39.559
3234.000 5.415 -59.077
3235.000 -87.885 -23.220
3236.000 26.028 -64.232
3237.000 205.510 -66.807
3238.000 -40.511 174.542
3239.000 34.320 2.937
3240.000 -93.939 -109.430
3241.000 -213.633 4.787
3242.000 11.750 50.496
3243.000 -123.345 120.935
3244.000 -23.123 102.320
3245.000 216.361 46.677
3246.000 -143.111 -16.507
3247.000 83.535 -82.180
3248.000 101.758 -155.750
3249.000 77.308 94.674
3250.000 -25.997 -82.501
3251.000 32.941 40.379
3252.000 -102.432 74.808
3253.000 126.003 -132.851
3254.000 -31.838 67.815
3255.000 69.632 -34.547
3256.000 -97.774 -99.346
3257.000 19.336 -44.805
3258.000 10.720 52.207
3259.000 -156.835 169.431
3260.000 136.246 36.123
3261.000 270.208 47.422
3262.000 127.418 -65.996
3263.000 -96.592 -95.855
3264.000 -35.629 -184.268
3265.000 -171.220 -184.820
3266.000 -34.784 -119.367
3267.000 210.914 -85.484
3268.000 118.811 -260.883
3269.000 -102.657 -109.312
3270.000 -154.722 -116.599
3271.000 -112.460 157.633
3272.000 46.920 6.729
3273.000 -19.047 153.294
3274.000 82.329 56.528
3275.000 -122.327 -74.899
3276.000 -30.112 100.050
3277.000 -93.476 -241.412
3278.000 -19.698 20.418
3279.000 -10.146 -31.213
3280.000 8.106 53.591
3281.000 107.248 62.352
3282.000 3.857 -227.877
3283.000 31.738 -201.813
3284.000 -55.312 -219.340
3285.000 136.237 -92.472
3286.000 166.477 -80.334
3287.000 168.076 4.512
3288.000 34.930 120.170
3289.000 -63.999 -3.503
3290.000 -160.077 34.299
3291.000 -171.141 -121.557
3292.000 -64.359 129.547
3293.000 -164.917 24.688
3294.000 55.597 -6.014
3295.000 26.503 68.252
3296.000 -111.926 -51.959
3297.000 17.631 28.420
3298.000 134.979 -65.907
3299.000 168.645 67.867
3300.000 69.993 -168.555
3301.000 99.607 7.295
3302.000 50.471 -139.923
3303.000 -48.382 -9.447
3304.000 -9.730 -54.924
3305.000 -31.142 12.135
3306.000 -115.610 -11.633
3307.000 -39.582 107.816
3308.000 -65.215 166.550
3309.000 -15.835 160.157
3310.000 -36.865 151.096
3311.000 -18.834 -65.963
3312.000 -175.681 -26.298
3313.000 259.293 -205.872
3314.000 113.932 -97.884
3315.000 96.365 -223.294
3316.000 231.217 -69.070
3317.000 149.839 -53.701
3318.000 85.666 -96.890
3319.000 85.209 7.630
3320.000 164.535 -5.624
3321.000 2.941 -43.483
3322.000 -176.509 -172.211
3323.000 -206.323 33.991
3324.000 74.694 88.399
3325.000 -81.517 -27.741
3326.000 0.907 136.495
3327.000 -45.498 -126.213
3328.000 27.795 51.712
3329.000 -78.900 9.483
3330.000 72.817 -162.375
3331.000 -183.334 16.492
3332.000 26.027 48.664
3333.000 -78.593 147.181
3334.000 51.327 -86.019
3335.000 47.509 -47.392
3336.000 4.426 -181.900
3337.000 13.029 -55.006
3338.000 -199.145 46.323
3339.000 -150.352 61.953
3340.000 -78.634 -269.213
3341.000 -26.120 -157.348
3342.000 -37.626 290.495
3343.000 -224.928 136.466
3344.000 90.467 35.592
3345.000 -30.254 38.409
3346.000 164.049 -108.839
3347.000 91.328 2.820
3348.000 155.729 -212.857
3349.000 103.802 -179.085
3350.000 7.603 1.240
3351.000 22.255 -118.224
3352.000 122.561 102.637
3353.000 -18.357 -176.774
3354.000 -193.674 -66.559
3355.000 -26.226 -124.921
3356.000 -21.205 148.445
3357.000 -14.368 84.824
3358.000 3.503 186.532
3359.000 134.653 -123.689
3360.000 -205.170 40.472
3361.000 136.487 -19.848
3362.000 51.771 -51.983
3363.000 0.987 75.970
3364.000 -112.196 -107.278
3365.000 46.784 -21.293
3366.000 109.903 5.055
3367.000 48.615 54.921
3368.000 1.138 -273.184
3369.000 -25.044 -114.229
3370.000 -62.799 -96.778
3371.000 59.192 -37.032
3372.000 30.496 36.610
3373.000 49.939 -2.330
3374.000 -137.391 142.298
3375.000 66.879 168.572
3376.000 182.461 -62.307
3377.000 -46.771 49.574
3378.000 73.609 160.760
3379.000 -152.799 -181.519
3380.000 239.402 -190.621
3381.000 85.215 -163.118
3382.000 162.604 -56.184
3383.000 79.293 -234.660
3384.000 -105.480 -160.705
3385.000 96.971 -7.548
3386.000 34.478 -94.497
3387.000 109.303 -99.916
3388.000 -88.080 86.768
3389.000 -329.148 -153.840
3390.000 -52.702 -8.555
3391.000 -92.994 131.320
3392.000 6.730 -34.195
3393.000 -151.054 172.295
3394.000 -94.127 -171.259
3395.000 -77.409 107.232
3396.000 -93.565 -75.152
3397.000 58.105 6.014
3398.000 -5.069 85.584
3399.000 -9.459 42.544
3400.000 -17.990 -104.831
3401.000 23.077 -56.208
3402.000 201.995 -68.175
3403.000 12.013 -179.943
3404.000 -48.139 116.898
3405.000 6.866 -241.368
3406.000 54.663 -4.716
3407.000 -43.370 103.047
3408.000 -16.626 -35.737
3409.000 -1.665 65.291
3410.000 11.900 0.476
3411.000 -31.793 25.766
3412.000 -176.900 28.408
3413.000 -30.118 97.583
3414.000 -61.297 169.885
3415.000 97.440 -173.350
3416.000 169.655 -24.652
3417.000 14.642 38.920
3418.000 128.819 -130.045
3419.000 87.024 59.323
3420.000 14.197 -413.648
3421.000 158.289 79.126
3422.000 -48.361 -30.856
3423.000 -92.688 -30.835
3424.000 -130.264 15.685
3425.000 47.584 160.794
3426.000 -138.535 2.583
3427.000 -138.704 -90.129
3428.000 52.705 -128.041
3429.000 -3.463 -54.913
3430.000 -34.004 -42.255
3431.000 -81.219 -127.959
3432.000 47.968 5.818
3433.000 -64.258 -129.756
3434.000 71.359 -61.407
3435.000 69.221 -149.863
3436.000 42.365 -82.895
3437.000 55.757 -94.431
3438.000 79.490 -29.115
3439.000 -182.594 -12.252
3440.000 -129.073 92.688
3441.000 28.145 -7.001
3442.000 -73.147 83.650
3443.000 19.741 42.852
3444.000 105.513 110.990
3445.000 100.369 116.893
3446.000 60.067 192.144
3447.000 -7.921 -0.819
3448.000 122.053 43.661
3449.000 -34.412 -80.673
3450.000 61.832 -194.192
3451.000 27.356 -72.771
3452.000 9.398 -18.888
3453.000 -22.643 64.861
3454.000 80.420 -42.866
3455.000 -132.437 -17.893
3456.000 -194.219 -104.149
3457.000 76.059 187.818
3458.000 -2.011 -67.397
3459.000 25.465 39.399
3460.000 -74.998 124.834
3461.000 -15.051 3.581
3462.000 -101.692 98.994
3463.000 -88.821 -172.863
3464.000 -127.982 -24.146
3465.000 182.984 51.317
3466.000 -69.131 -389.431
3467.000 199.006 -251.363
3468.000 -66.554 -38.158
3469.000 -33.397 -278.513
3470.000 172.328 -143.021
3471.000 96.456 54.987
3472.000 61.545 -233.455
3473.000 -92.950 84.367
3474.000 73.315 13.947
3475.000 -127.131 18.332
3476.000 -25.684 -196.216
3477.000 -134.026 107.100
3478.000 92.341 -107.590
3479.000 -12.405 -12.615
3480.000 97.126 170.580
3481.000 -31.245 -123.946
3482.000 -64.578 -96.266
3483.000 -108.659 -203.278
3484.000 69.094 -228.571
3485.000 173.011 -89.484
3486.000 110.782 -17.957
3487.000 -18.012 -99.624
3488.000 -4.598 -106.429
3489.000 -22.908 -39.633
3490.000 -2.563 79.099
3491.000 47.843 -99.363
3492.000 -26.489 148.065
3493.000 16.524 -83.681
3494.000 -17.120 -24.821
3495.000 -160.833 149.304
3496.000 -41.454 44.748
3497.000 -134.467 34.886
3498.000 -5.210 -145.058
3499.000 50.542 33.093
3500.000 -49.192 78.101
3501.000 -85.971 -77.396
3502.000 76.859 35.121
3503.000 46.912 -84.934
3504.000 169.135 -225.437
3505.000 -24.123 -68.184
3506.000 185.251 7.724
3507.000 66.500 37.378
3508.000 -170.252 14.322
3509.000 -106.422 13.390
3510.000 -50.471 152.411
3511.000 -71.973 134.339
3512.000 -147.141 -45.390
3513.000 -230.390 -46.676
3514.000 -64.877 78.878
3515.000 -36.197 -144.789
3516.000 65.366 -63.351
3517.000 48.048 -86.273
3518.000 -60.820 -152.068
3519.000 133.895 97.607
3520.000 0.688 -47.255
3521.000 149.539 -146.580
3522.000 -4.568 -218.006
3523.000 -30.813 -131.848
3524.000 1.349 33.765
3525.000 56.739 -41.508
3526.000 -12.711 4.570
3527.000 -181.671 26.571
3528.000 37.105 -95.956
3529.000 -124.520 93.079
3530.000 -192.407 97.532
3531.000 -202.208 95.702
3532.000 116.449 -81.764
3533.000 160.521 -66.669
3534.000 -24.183 10.630
3535.000 17.972 -4.978
3536.000 52.267 -74.759
3537.000 -64.508 -6.284
3538.000 68.878 -136.567
3539.000 97.944 -125.222
3540.000 -17.454 -94.715
3541.000 26.981 15.454
3542.000 -59.690 -157.265
3543.000 63.993 -123.154
3544.000 -142.800 49.887
3545.000 -104.923 1.696
3546.000 85.480 -305.021
3547.000 -29.567 -18.692
3548.000 208.064 2.712
3549.000 62.162 75.927
3550.000 126.526 -44.191
3551.000 95.972 -16.799
3552.000 -27.225 -83.611
3553.000 152.336 -36.866
3554.000 -37.256 -73.600
3555.000 -107.109 -184.700
3556.000 82.874 -130.239
3557.000 125.463 -87.638
3558.000 128.124 -178.136
3559.000 24.009 45.818
3560.000 -43.398 31.149
3561.000 -63.892 -69.478
3562.000 -3.998 119.862
3563.000 44.536 21.284
3564.000 -43.723 124.922
3565.000 32.849 -5.595
3566.000 105.282 154.176
3567.000 131.737 -95.926
3568.000 149.158 33.777
3569.000 133.161 84.879
3570.000 233.319 -60.037
3571.000 -24.680 -148.415
3572.000 225.839 -59.584
3573.000 53.181 -60.260
3574.000 -126.726 -136.182
3575.000 18.424 98.905
3576.000 16.274 -101.434
3577.000 -166.737 40.772
3578.000 -45.816 123.945
3579.000 -274.040 135.407
3580.000 115.907 95.991
3581.000 -70.824 154.658
3582.000 -29.598 -93.362
3583.000 86.836 -108.168
3584.000 14.328 32.822
3585.000 -91.516 -20.275
3586.000 -141.821 -56.107
3587.000 127.978 -127.934
3588.000 144.548 -143.546
3589.000 16.006 38.534
3590.000 -153.517 -7.767
3591.000 61.252 144.838
3592.000 5.552 -76.742
3593.000 47.155 41.778
3594.000 -113.012 118.502
3595.000 -256.605 57.558
3596.000 -109.061 -30.327
3597.000 24.318 -83.891
3598.000 60.336 96.516
3599.000 -62.545 -6.885
